5 0.3515625 0.49453125 0.1125 0.196875
5 0.5015625 0.54609375 0.1265625 0.1890625
5 0.38046875 0.64140625 0.0875 0.165625
5 0.6796875 0.40078125 0.06875 0.153125
5 0.696875 0.603125 0.1296875 0.1921875
5 0.61015625 0.4234375 0.0859375 0.1328125
5 0.45 0.43203125 0.078125 0.1234375
5 0.715625 0.4734375 0.05625 0.1140625
5 0.57109375 0.6390625 0.11875 0.1453125
5 0.63984375 0.3515625 0.059375 0.1890625
5 0.42734375 0.39140625 0.09375 0.071875
5 0.56015625 0.3078125 0.1609375 0.0703125
5 0.63359375 0.5625 0.1078125 0.059375
5 0.40703125 0.575 0.071875 0.1015625
5 0.49765625 0.72734375 0.203125 0.08125
5 0.60546875 0.3609375 0.084375 0.065625
5 0.62421875 0.328125 0.065625 0.0515625
5 0.6765625 0.509375 0.0875 0.059375
5 0.61953125 0.61953125 0.09375 0.096875
5 0.57109375 0.55625 0.0578125 0.046875
5 0.41484375 0.65 0.0375 0.05625
5 0.37109375 0.44765625 0.059375 0.10625
5 0.44765625 0.35390625 0.075 0.0375