5 0.646875 0.47890625 0.09296875 0.18828125
5 0.503125 0.54609375 0.10859375 0.178125
5 0.63359375 0.628125 0.07109375 0.159375
5 0.3109375 0.4203125 0.053125 0.14765625
5 0.31484375 0.6234375 0.1109375 0.18125
5 0.38203125 0.43515625 0.0734375 0.1265625
5 0.54296875 0.42734375 0.06640625 0.1171875
5 0.2828125 0.49609375 0.04453125 0.11015625
5 0.44375 0.64609375 0.1046875 0.13515625
5 0.3453125 0.3671875 0.040625 0.1859375
5 0.5609375 0.384375 0.0875 0.0625
5 0.4203125 0.31484375 0.15625 0.0546875
5 0.3734375 0.57578125 0.103125 0.04921875
5 0.6 0.56484375 0.06171875 0.09609375
5 0.52578125 0.72578125 0.19765625 0.0609375
5 0.38046875 0.37265625 0.078125 0.05703125
5 0.35859375 0.3421875 0.06171875 0.0453125
5 0.32578125 0.528125 0.0828125 0.0515625
5 0.39375 0.63125 0.084375 0.0890625
5 0.43515625 0.56328125 0.053125 0.04140625
5 0.60078125 0.640625 0.03203125 0.053125
5 0.62265625 0.434375 0.0484375 0.10234375
5 0.53671875 0.34921875 0.071875 0.0296875