5 0.64453125 0.46640625 0.109375 0.1953125
5 0.50703125 0.5453125 0.1234375 0.1875
5 0.64453125 0.615625 0.084375 0.165625
5 0.3046875 0.43671875 0.065625 0.1515625
5 0.3265625 0.6390625 0.1265625 0.190625
5 0.3765625 0.4453125 0.084375 0.1328125
5 0.53671875 0.42421875 0.0765625 0.121875
5 0.28359375 0.51484375 0.0546875 0.1140625
5 0.45703125 0.65078125 0.115625 0.14375
5 0.334375 0.38125 0.05625 0.1890625
5 0.55078125 0.3796875 0.0921875 0.0703125
5 0.4046875 0.32265625 0.1609375 0.06875
5 0.38046875 0.58671875 0.10625 0.0578125
5 0.60546875 0.55625 0.0703125 0.1015625
5 0.5453125 0.72265625 0.2015625 0.078125
5 0.36953125 0.38359375 0.0828125 0.0640625
5 0.3453125 0.35546875 0.065625 0.05
5 0.32890625 0.54296875 0.0875 0.0578125
5 0.40546875 0.63984375 0.0921875 0.0953125
5 0.440625 0.56875 0.05625 0.0453125
5 0.6125 0.63125 0.0359375 0.05625
5 0.61640625 0.42421875 0.0578125 0.10625
5 0.5234375 0.346875 0.0734375 0.0359375