5 0.503125 0.57734375 0.14765625 0.12421875
5 0.66328125 0.53359375 0.08046875 0.0859375
5 0.4828125 0.475 0.12265625 0.078125
5 0.59140625 0.52890625 0.08359375 0.08359375
5 0.57578125 0.71640625 0.1078125 0.0984375
5 0.71953125 0.66953125 0.0828125 0.11015625
5 0.41875 0.60703125 0.084375 0.05234375
5 0.3515625 0.728125 0.07578125 0.06875
5 0.61640625 0.6609375 0.1078125 0.07421875
5 0.32265625 0.6234375 0.07421875 0.0609375
5 0.47734375 0.56875 0.06875 0.06796875
5 0.2953125 0.546875 0.0765625 0.06015625