5 0.7859375 0.3140625 0.0640625 0.0625
5 0.92578125 0.48984375 0.05625 0.053125
5 0.9828125 0.303125 0.0328125 0.03125
5 0.9828125 0.35390625 0.034375 0.1078125
5 0.565625 0.4796875 0.0578125 0.0484375
5 0.91171875 0.2515625 0.0515625 0.0359375
5 0.96640625 0.41953125 0.025 0.0296875
5 0.84453125 0.2734375 0.0375 0.046875
5 0.4671875 0.45 0.071875 0.0578125
5 0.2171875 0.4984375 0.0671875 0.0453125
5 0.978125 0.45234375 0.0265625 0.034375
5 0.92265625 0.30078125 0.0359375 0.04375
5 0.43671875 0.49140625 0.0453125 0.0390625
5 0.8734375 0.49375 0.0578125 0.05
5 0.8515625 0.44375 0.0515625 0.0578125