5 0.79296875 0.32421875 0.065625 0.0640625
5 0.92578125 0.5046875 0.05625 0.0546875
5 0.9859375 0.31953125 0.028125 0.0328125
5 0.984375 0.371875 0.03125 0.109375
5 0.56640625 0.48203125 0.0578125 0.05
5 0.9203125 0.265625 0.053125 0.0375
5 0.96953125 0.4359375 0.0265625 0.0296875
5 0.85234375 0.2859375 0.0375 0.046875
5 0.46953125 0.44921875 0.071875 0.059375
5 0.2171875 0.48828125 0.06875 0.046875
5 0.9796875 0.46875 0.0265625 0.0359375
5 0.92890625 0.315625 0.0359375 0.04375
5 0.43671875 0.4890625 0.0453125 0.040625
5 0.8734375 0.50703125 0.059375 0.0515625
5 0.853125 0.45625 0.053125 0.059375