5 0.74140625 0.25859375 0.05390625 0.05234375
5 0.9140625 0.4015625 0.04765625 0.04453125
5 0.93125 0.20703125 0.028125 0.0265625
5 0.96640625 0.25234375 0.06484375 0.09609375
5 0.56015625 0.46640625 0.05078125 0.03828125
5 0.85078125 0.17109375 0.04765625 0.02734375
5 0.93984375 0.32421875 0.0203125 0.02578125
5 0.78984375 0.20703125 0.02890625 0.04140625
5 0.4578125 0.4578125 0.06328125 0.0453125
5 0.22265625 0.55703125 0.0625 0.0328125
5 0.9578125 0.35390625 0.0203125 0.03125
5 0.871875 0.2171875 0.028125 0.03828125
5 0.4359375 0.5046875 0.0390625 0.03203125
5 0.8640625 0.41640625 0.05078125 0.040625
5 0.83203125 0.371875 0.04140625 0.05078125