5 0.51953125 0.54765625 0.0609375 0.0546875
5 0.45078125 0.26953125 0.06328125 0.06953125
5 0.39765625 0.52734375 0.0625 0.06640625
5 0.58515625 0.68515625 0.06015625 0.078125
5 0.365625 0.4765625 0.05859375 0.06015625
5 0.28359375 0.3171875 0.0859375 0.07265625
5 0.7609375 0.3421875 0.065625 0.08125
5 0.5109375 0.46640625 0.08046875 0.0796875
5 0.22421875 0.62890625 0.05703125 0.05859375
5 0.7234375 0.64765625 0.053125 0.10625
5 0.65 0.79296875 0.08203125 0.04609375
5 0.2359375 0.5453125 0.03828125 0.0796875
5 0.54609375 0.23671875 0.03828125 0.04375
5 0.6921875 0.51796875 0.05078125 0.04765625
5 0.65703125 0.43125 0.04140625 0.07109375
5 0.25234375 0.38828125 0.046875 0.04296875
5 0.8171875 0.703125 0.07421875 0.04453125
5 0.69296875 0.31328125 0.05 0.046875
5 0.309375 0.746875 0.06171875 0.08671875
5 0.52421875 0.68671875 0.05703125 0.04453125
5 0.5765625 0.20703125 0.04609375 0.0453125
5 0.76171875 0.7109375 0.04375 0.05
5 0.70703125 0.4328125 0.05234375 0.0390625
5 0.77734375 0.2859375 0.04453125 0.034375
5 0.30625 0.5984375 0.02421875 0.0359375
5 0.19453125 0.4921875 0.034375 0.04140625
5 0.3828125 0.25390625 0.03046875 0.04765625
5 0.71328125 0.3921875 0.06953125 0.05546875
5 0.65 0.50390625 0.03203125 0.04765625
5 0.525 0.284375 0.04453125 0.0296875
5 0.41484375 0.4328125 0.03125 0.04453125
5 0.4 0.28671875 0.02734375 0.040625
5 0.36484375 0.30390625 0.03515625 0.0515625
5 0.3375 0.259375 0.03203125 0.03046875
5 0.77890625 0.64140625 0.0484375 0.06953125
5 0.5265625 0.84375 0.03984375 0.0453125
5 0.40390625 0.3640625 0.090625 0.08828125
5 0.57890625 0.275 0.021875 0.0296875
5 0.39765625 0.73125 0.04609375 0.0578125
5 0.240625 0.48828125 0.034375 0.0421875
5 0.271875 0.46953125 0.0484375 0.03125
5 0.38125 0.39140625 0.03671875 0.04453125
5 0.48671875 0.73671875 0.06015625 0.053125
5 0.42109375 0.78125 0.0515625 0.0578125
5 0.41640625 0.6984375 0.02890625 0.040625
5 0.67578125 0.33515625 0.05546875 0.03046875
5 0.35 0.6921875 0.034375 0.0296875
5 0.8140625 0.43984375 0.0375 0.04765625
5 0.4875 0.22578125 0.02265625 0.0421875
5 0.41640625 0.6640625 0.04375 0.03828125
5 0.60703125 0.44921875 0.03203125 0.03046875
5 0.65234375 0.2203125 0.02734375 0.0875
5 0.46953125 0.5546875 0.02421875 0.03125
5 0.384375 0.76796875 0.046875 0.0546875
5 0.4671875 0.496875 0.040625 0.03828125
5 0.8015625 0.459375 0.07265625 0.0859375
5 0.77265625 0.4234375 0.0328125 0.03046875
5 0.56484375 0.45625 0.0625 0.0546875
5 0.60625 0.325 0.02734375 0.03515625
5 0.56875 0.83515625 0.040625 0.04375
5 0.615625 0.82890625 0.03984375 0.04375
5 0.4515625 0.68203125 0.0421875 0.0640625
5 0.6296875 0.40546875 0.02578125 0.02890625
5 0.30625 0.6390625 0.0171875 0.0265625
5 0.34609375 0.6609375 0.03671875 0.0359375
5 0.3625 0.74140625 0.0359375 0.05078125
5 0.7453125 0.60078125 0.025 0.07734375
5 0.51171875 0.81796875 0.02734375 0.03671875
5 0.675 0.6796875 0.04453125 0.021875
5 0.43671875 0.56796875 0.04296875 0.03984375