5 0.48984375 0.55078125 0.0703125 0.065625
5 0.5046875 0.2640625 0.075 0.0796875
5 0.60546875 0.50703125 0.0734375 0.0765625
5 0.4515625 0.69765625 0.0734375 0.0875
5 0.62734375 0.4515625 0.06875 0.0703125
5 0.67734375 0.27890625 0.0984375 0.0875
5 0.2140625 0.39453125 0.0796875 0.0921875
5 0.4828125 0.46875 0.09375 0.09375
5 0.7953125 0.57421875 0.0671875 0.06875
5 0.30859375 0.6875 0.071875 0.1140625
5 0.40859375 0.81640625 0.0890625 0.0609375
5 0.76796875 0.49375 0.053125 0.0859375
5 0.4046875 0.25 0.0453125 0.05
5 0.31484375 0.5546875 0.059375 0.05625
5 0.3328125 0.4625 0.0546875 0.078125
5 0.721875 0.34296875 0.0546875 0.0515625
5 0.22734375 0.76015625 0.08125 0.0578125
5 0.275 0.35390625 0.0578125 0.05625
5 0.734375 0.70625 0.0765625 0.096875
5 0.51171875 0.68828125 0.0640625 0.0546875
5 0.36875 0.22734375 0.053125 0.053125
5 0.28359375 0.75703125 0.053125 0.0578125
5 0.28359375 0.4734375 0.059375 0.0484375
5 0.18671875 0.34296875 0.05 0.0421875
5 0.70859375 0.559375 0.03125 0.040625
5 0.7984375 0.434375 0.0421875 0.046875
5 0.56796875 0.2359375 0.0390625 0.053125
5 0.2703125 0.43515625 0.078125 0.0671875
5 0.353125 0.5328125 0.040625 0.053125
5 0.434375 0.29296875 0.05 0.0375
5 0.57109375 0.41796875 0.0390625 0.05
5 0.5578125 0.271875 0.034375 0.0453125
5 0.5953125 0.28203125 0.04375 0.0578125
5 0.61328125 0.2328125 0.0375 0.0359375
5 0.253125 0.6921875 0.0609375 0.078125
5 0.53984375 0.8421875 0.0484375 0.0515625
5 0.56875 0.3484375 0.10625 0.1046875
5 0.3796875 0.29453125 0.0265625 0.0328125
5 0.64453125 0.7078125 0.05625 0.065625
5 0.75234375 0.4390625 0.0421875 0.0484375
5 0.71796875 0.4265625 0.053125 0.040625
5 0.59609375 0.37109375 0.0453125 0.05
5 0.55859375 0.7296875 0.06875 0.0640625
5 0.63125 0.7609375 0.0609375 0.0671875
5 0.61953125 0.67890625 0.0359375 0.0453125
5 0.29609375 0.371875 0.0609375 0.040625
5 0.68359375 0.66015625 0.0390625 0.0359375
5 0.18046875 0.50078125 0.0453125 0.0546875
5 0.46015625 0.228125 0.0296875 0.0453125
5 0.61328125 0.6453125 0.05 0.0453125
5 0.38515625 0.4703125 0.0375 0.0359375
5 0.296875 0.2546875 0.04375 0.090625
5 0.540625 0.54765625 0.0296875 0.0359375
5 0.66484375 0.740625 0.05625 0.0625
5 0.53125 0.490625 0.046875 0.0453125
5 0.19609375 0.51796875 0.0875 0.0984375
5 0.21796875 0.4765625 0.0375 0.0359375
5 0.428125 0.46953125 0.071875 0.065625
5 0.3625 0.3484375 0.0328125 0.0390625
5 0.49609375 0.8421875 0.0484375 0.05
5 0.44921875 0.8453125 0.046875 0.05
5 0.58203125 0.66953125 0.053125 0.0703125
5 0.3546875 0.43203125 0.03125 0.0328125
5 0.71640625 0.59921875 0.021875 0.0296875
5 0.68203125 0.62890625 0.0421875 0.0421875
5 0.68125 0.7109375 0.0453125 0.05625
5 0.278125 0.64609375 0.0390625 0.08125
5 0.54921875 0.8140625 0.034375 0.040625
5 0.3625 0.71015625 0.0484375 0.0296875
5 0.575 0.5546875 0.05 0.046875