5 0.4703125 0.5421875 0.071875 0.0671875
5 0.6 0.28671875 0.0765625 0.08125
5 0.59375 0.55 0.0765625 0.078125
5 0.375 0.6609375 0.0765625 0.0890625
5 0.6359375 0.50703125 0.0703125 0.071875
5 0.75234375 0.3703125 0.1 0.090625
5 0.28125 0.2875 0.0828125 0.09375
5 0.496875 0.46484375 0.096875 0.0953125
5 0.73984375 0.6875 0.06875 0.0703125
5 0.24921875 0.59375 0.075 0.115625
5 0.28828125 0.7515625 0.090625 0.0640625
5 0.746875 0.60390625 0.0546875 0.0859375
5 0.5140625 0.2328125 0.046875 0.0515625
5 0.30859375 0.47421875 0.0609375 0.0578125
5 0.3625 0.39765625 0.05625 0.078125
5 0.76640625 0.446875 0.0546875 0.053125
5 0.1453125 0.6265625 0.0828125 0.059375
5 0.35390625 0.275 0.059375 0.05625
5 0.63046875 0.78359375 0.0796875 0.0984375
5 0.434375 0.6765625 0.065625 0.05625
5 0.49140625 0.19765625 0.0546875 0.0546875
5 0.19765625 0.646875 0.053125 0.0578125
5 0.31328125 0.38828125 0.059375 0.05
5 0.278125 0.22890625 0.0515625 0.04375
5 0.66640625 0.63984375 0.03125 0.040625
5 0.79921875 0.5609375 0.0421875 0.0484375
5 0.66953125 0.28671875 0.040625 0.053125
5 0.31640625 0.346875 0.0796875 0.0703125
5 0.353125 0.4703125 0.0421875 0.053125
5 0.52421875 0.284375 0.05 0.0390625
5 0.5984375 0.45390625 0.040625 0.05
5 0.6453125 0.31484375 0.0359375 0.0453125
5 0.67578125 0.3390625 0.0453125 0.0578125
5 0.7125 0.30234375 0.0375 0.0375
5 0.19609375 0.575 0.0625 0.078125
5 0.396875 0.82890625 0.0484375 0.053125
5 0.62421875 0.3890625 0.1078125 0.10625
5 0.4734375 0.26328125 0.028125 0.034375
5 0.54765625 0.7484375 0.0578125 0.0671875
5 0.75546875 0.546875 0.04375 0.0484375
5 0.72890625 0.521875 0.0546875 0.040625
5 0.63984375 0.42109375 0.0453125 0.0515625
5 0.459375 0.73359375 0.0703125 0.065625
5 0.51328125 0.79140625 0.0625 0.0671875
5 0.53671875 0.7125 0.0375 0.0453125
5 0.365625 0.3 0.0609375 0.0421875
5 0.603125 0.72109375 0.040625 0.0359375
5 0.2078125 0.37109375 0.046875 0.0546875
5 0.57421875 0.2359375 0.03125 0.046875
5 0.54453125 0.67890625 0.0515625 0.046875
5 0.40703125 0.4265625 0.0375 0.0375
5 0.41484375 0.19296875 0.046875 0.0921875
5 0.5171875 0.56015625 0.03125 0.0359375
5 0.55234375 0.7875 0.0578125 0.0640625
5 0.5328125 0.5046875 0.0484375 0.046875
5 0.215625 0.39296875 0.090625 0.1
5 0.2515625 0.3640625 0.0390625 0.0375
5 0.446875 0.44296875 0.0734375 0.0671875
5 0.4359375 0.30546875 0.034375 0.040625
5 0.3578125 0.8109375 0.05 0.0515625
5 0.31328125 0.79453125 0.0484375 0.0515625
5 0.50625 0.68828125 0.05625 0.071875
5 0.39453125 0.37890625 0.03125 0.034375
5 0.6578125 0.67890625 0.0234375 0.0296875
5 0.6140625 0.69140625 0.04375 0.04375
5 0.5796875 0.76640625 0.046875 0.0578125
5 0.23828125 0.54296875 0.0421875 0.08125
5 0.4171875 0.80703125 0.034375 0.0421875
5 0.2890625 0.6359375 0.0484375 0.03125
5 0.54609375 0.58046875 0.0515625 0.0484375