5 0.4203125 0.5640625 0.0890625 0.11875
5 0.63046875 0.28671875 0.0484375 0.06875
5 0.0890625 0.528125 0.090625 0.1125
5 0.54140625 0.6484375 0.059375 0.0734375
5 0.1640625 0.44296875 0.0328125 0.08125
5 0.49765625 0.24765625 0.0546875 0.0578125
5 0.53828125 0.81328125 0.071875 0.1109375
5 0.46484375 0.5453125 0.0640625 0.0703125
5 0.30859375 0.61953125 0.1109375 0.0796875
5 0.33828125 0.634375 0.046875 0.0515625
5 0.3078125 0.21171875 0.125 0.0765625
4 0.57265625 0.31640625 0.06875 0.0625
4 0.28203125 0.49375 0.0609375 0.0671875
4 0.67578125 0.42109375 0.0609375 0.0703125
4 0.1890625 0.215625 0.0546875 0.059375
4 0.57421875 0.5109375 0.0828125 0.075
4 0.1921875 0.6359375 0.059375 0.05625
4 0.7390625 0.2890625 0.0515625 0.0421875
4 0.1328125 0.61796875 0.0671875 0.084375
4 0.6828125 0.36796875 0.0453125 0.0546875
4 0.36171875 0.13046875 0.0734375 0.08125
4 0.29921875 0.03359375 0.0421875 0.0421875
4 0.33671875 0.36796875 0.0734375 0.078125
4 0.3296875 0.784375 0.071875 0.0796875