5 0.57734375 0.5671875 0.0859375 0.1171875
5 0.3765625 0.2828125 0.046875 0.06875
5 0.91015625 0.5421875 0.0875 0.1109375
5 0.453125 0.646875 0.0578125 0.071875
5 0.83828125 0.4546875 0.03125 0.0796875
5 0.5109375 0.2484375 0.053125 0.05625
5 0.45078125 0.81171875 0.06875 0.109375
5 0.53359375 0.54609375 0.0625 0.06875
5 0.68671875 0.6265625 0.1078125 0.0765625
5 0.65625 0.63984375 0.046875 0.05
5 0.70234375 0.21875 0.1234375 0.0734375
4 0.43359375 0.3140625 0.0671875 0.059375
4 0.71796875 0.5015625 0.059375 0.065625
4 0.32734375 0.41484375 0.0578125 0.06875
4 0.8203125 0.2265625 0.053125 0.0578125
4 0.42578125 0.5078125 0.08125 0.0734375
4 0.803125 0.646875 0.0578125 0.0546875
4 0.26796875 0.28125 0.05 0.040625
4 0.8625 0.63046875 0.065625 0.0828125
4 0.321875 0.36171875 0.04375 0.0546875
4 0.65078125 0.13515625 0.0703125 0.078125
4 0.7171875 0.04140625 0.0421875 0.0421875
4 0.66796875 0.37421875 0.071875 0.075
4 0.66015625 0.790625 0.06875 0.0765625