5 0.57109375 0.5734375 0.07578125 0.1109375
5 0.39609375 0.27265625 0.04140625 0.06484375
5 0.9046875 0.578125 0.07890625 0.10390625
5 0.440625 0.6421875 0.0515625 0.0671875
5 0.840625 0.484375 0.02421875 0.078125
5 0.5328125 0.25 0.04921875 0.0515625
5 0.4234375 0.80625 0.059375 0.10390625
5 0.5296875 0.54921875 0.05703125 0.06328125
5 0.675 0.6421875 0.103125 0.0671875
5 0.64375 0.653125 0.0421875 0.046875
5 0.72578125 0.2375 0.11875 0.06328125
4 0.45 0.30859375 0.06328125 0.0546875
4 0.7171875 0.5203125 0.05390625 0.0609375
4 0.33515625 0.4 0.053125 0.06484375
4 0.84296875 0.25546875 0.0484375 0.05390625
4 0.425 0.5015625 0.075 0.06640625
4 0.7890625 0.67265625 0.05390625 0.05
4 0.28828125 0.26171875 0.046875 0.03671875
4 0.85 0.66171875 0.05859375 0.07734375
4 0.334375 0.346875 0.03984375 0.05078125
4 0.68203125 0.15 0.06484375 0.0734375
4 0.75625 0.06171875 0.03828125 0.03828125
4 0.678125 0.3890625 0.065625 0.0703125
4 0.634375 0.803125 0.06328125 0.071875