5 0.69453125 0.6921875 0.06328125 0.0453125
5 0.4890625 0.4671875 0.0296875 0.03125
4 0.51171875 0.7859375 0.14140625 0.21015625
5 0.58203125 0.40390625 0.0453125 0.06875
5 0.44375 0.51875 0.0671875 0.05390625
5 0.4984375 0.53828125 0.02265625 0.1109375
5 0.53203125 0.471875 0.03203125 0.053125
5 0.60546875 0.45078125 0.03828125 0.0671875
5 0.371875 0.6390625 0.04375 0.06015625
5 0.5265625 0.5890625 0.04609375 0.06640625
4 0.53125 0.26875 0.15703125 0.20234375
4 0.68671875 0.3875 0.15859375 0.1671875
4 0.6609375 0.78046875 0.15546875 0.203125
4 0.53046875 0.65234375 0.1234375 0.1296875
4 0.6984375 0.53125 0.0796875 0.12421875
5 0.071875 0.346875 0.0515625 0.0703125
5 0.109375 0.76328125 0.04765625 0.075
5 0.03828125 0.6125 0.05 0.07890625
5 0.165625 0.6703125 0.0421875 0.06953125
5 0.04609375 0.78359375 0.0546875 0.0859375
5 0.2203125 0.67421875 0.0421875 0.06171875
5 0.05859375 0.88125 0.05625 0.08828125
5 0.09921875 0.58125 0.04609375 0.0671875
5 0.125 0.63125 0.05625 0.08125
5 0.23046875 0.33359375 0.0375 0.06328125
5 0.19140625 0.7234375 0.0453125 0.071875
5 0.20625 0.15078125 0.040625 0.0578125
5 0.23046875 0.034375 0.03828125 0.05234375
5 0.1 0.15078125 0.0484375 0.06328125
5 0.97109375 0.15078125 0.040625 0.06015625
5 0.434375 0.9796875 0.0421875 0.03828125
5 0.6671875 0.58046875 0.040625 0.075
5 0.2390625 0.6265625 0.0140625 0.053125
5 0.76953125 0.7296875 0.03984375 0.07578125
5 0.39453125 0.984375 0.0390625 0.03125