5 0.30859375 0.6953125 0.0640625 0.046875
5 0.51015625 0.4671875 0.0296875 0.03125
4 0.49296875 0.7859375 0.1453125 0.2125
5 0.41640625 0.40546875 0.046875 0.06875
5 0.55625 0.51796875 0.06875 0.0546875
5 0.50234375 0.53828125 0.025 0.1109375
5 0.4671875 0.47265625 0.0328125 0.053125
5 0.39375 0.45234375 0.0390625 0.0671875
5 0.63046875 0.63671875 0.0453125 0.0609375
5 0.475 0.58984375 0.046875 0.0671875
4 0.46484375 0.26953125 0.1609375 0.2046875
4 0.31171875 0.390625 0.1609375 0.1703125
4 0.34375 0.78359375 0.159375 0.20625
4 0.471875 0.653125 0.125 0.13125
4 0.30234375 0.534375 0.08125 0.125
5 0.925 0.3390625 0.053125 0.071875
5 0.8953125 0.75625 0.0484375 0.0765625
5 0.96328125 0.6046875 0.0515625 0.0796875
5 0.8375 0.6640625 0.04375 0.0703125
5 0.95859375 0.77578125 0.05625 0.0875
5 0.7828125 0.66953125 0.04375 0.0625
5 0.94765625 0.8734375 0.0578125 0.0890625
5 0.90234375 0.57421875 0.046875 0.06875
5 0.87734375 0.625 0.0578125 0.0828125
5 0.76640625 0.32890625 0.0390625 0.0640625
5 0.8125 0.71796875 0.046875 0.071875
5 0.7875 0.14609375 0.0421875 0.0578125
5 0.76171875 0.0296875 0.0390625 0.053125
5 0.89375 0.14375 0.05 0.0640625
5 0.02265625 0.159375 0.0421875 0.0609375
5 0.57421875 0.978125 0.0421875 0.0390625
5 0.334375 0.58359375 0.0421875 0.075
5 0.76328125 0.621875 0.015625 0.053125
5 0.234375 0.734375 0.040625 0.0765625
5 0.6140625 0.9828125 0.0390625 0.03125