5 0.71953125 0.66328125 0.06875 0.053125
5 0.484375 0.46875 0.034375 0.034375
4 0.5515625 0.78125 0.16875 0.228125
5 0.56796875 0.39375 0.0546875 0.075
5 0.446875 0.5265625 0.0734375 0.0625
5 0.50390625 0.53828125 0.0375 0.1125
5 0.528125 0.46796875 0.0390625 0.0578125
5 0.59765625 0.43671875 0.046875 0.071875
5 0.3921875 0.65546875 0.0515625 0.065625
5 0.5390625 0.584375 0.0546875 0.071875
4 0.4984375 0.26640625 0.184375 0.221875
4 0.66953125 0.3625 0.1796875 0.1875
4 0.6984375 0.75546875 0.1828125 0.2234375
4 0.5515625 0.646875 0.140625 0.1453125
4 0.70078125 0.503125 0.096875 0.134375
5 0.0546875 0.4078125 0.0609375 0.0765625
5 0.15 0.81484375 0.0578125 0.08125
5 0.05859375 0.67578125 0.0609375 0.084375
5 0.19296875 0.71484375 0.0515625 0.075
5 0.08984375 0.84375 0.065625 0.0921875
5 0.24765625 0.71171875 0.05 0.0671875
5 0.115625 0.9390625 0.06875 0.0953125
5 0.1140625 0.6359375 0.0546875 0.0734375
5 0.146875 0.68203125 0.0671875 0.0890625
5 0.21015625 0.37265625 0.0453125 0.0671875
5 0.22578125 0.7640625 0.0546875 0.078125
5 0.16015625 0.1953125 0.0484375 0.0625
5 0.16796875 0.0765625 0.0453125 0.0578125
5 0.05546875 0.21015625 0.05625 0.06875
5 0.91796875 0.08828125 0.0484375 0.065625
5 0.5015625 0.98125 0.046875 0.0375
5 0.6765625 0.55625 0.05 0.0796875
5 0.259375 0.66171875 0.021875 0.0546875
5 0.79921875 0.68984375 0.05 0.08125
5 0.4625 0.98828125 0.04375 0.0234375