5 0.890625 0.546875 0.05 0.0546875
5 0.4609375 0.5546875 0.06875 0.0375
5 0.6234375 0.3203125 0.09375 0.09375
5 0.89375 0.3625 0.040625 0.034375
5 0.86875 0.34765625 0.0828125 0.0984375
5 0.55859375 0.66328125 0.046875 0.0390625
5 0.9734375 0.5234375 0.053125 0.04375
5 0.8390625 0.65390625 0.103125 0.071875
5 0.93359375 0.478125 0.08125 0.04375
5 0.40390625 0.62265625 0.0921875 0.05
5 0.80625 0.59921875 0.05625 0.05625
5 0.2875 0.7328125 0.0671875 0.0734375
5 0.3921875 0.59140625 0.090625 0.0578125
5 0.74765625 0.48515625 0.05625 0.065625
5 0.18359375 0.6203125 0.071875 0.053125
5 0.75859375 0.25859375 0.059375 0.0734375
5 0.33984375 0.4828125 0.103125 0.096875
5 0.6359375 0.54296875 0.1375 0.084375
5 0.60703125 0.775 0.053125 0.034375
5 0.89609375 0.2625 0.0921875 0.0875
5 0.49375 0.4046875 0.1515625 0.1015625
5 0.7 0.63359375 0.0328125 0.034375
5 0.2609375 0.66953125 0.05625 0.071875
5 0.53671875 0.39609375 0.0375 0.0296875
5 0.96875 0.33515625 0.0484375 0.0515625
5 0.3 0.640625 0.071875 0.05
5 0.4828125 0.8171875 0.128125 0.090625
5 0.81875 0.40390625 0.04375 0.0484375
5 0.365625 0.85078125 0.103125 0.0640625
5 0.478125 0.69921875 0.2484375 0.1921875
5 0.63046875 0.30078125 0.0671875 0.059375
5 0.34474135 0.418284828125 0.31631881875 0.41977439062500005 0.2738143234375 0.431824996875 0.24346667187499998 0.45537283593750005 0.22263913125 0.4842000046875 0.22824860781249998 0.532443403125 0.24153602031250002 0.5508152953125001 0.279888278125 0.5771188109375001 0.3306049453125 0.5894843375 0.3474746296875 0.5880224078125 0.350184940625 0.5809464546875 0.36493129375 0.5830627609375 0.3733208359375 0.5814674328125 0.3951449609375 0.5716562890625 0.42124595156250005 0.5552649203125 0.42693836875 0.546299203125 0.4388667984375 0.53874015 0.4504328328125 0.524266178125 0.4629916265625 0.499339309375 0.46241783437499995 0.4883906890625 0.4553362328125 0.47084921562500004 0.44922102031250005 0.47174752499999995 0.44522913906249995 0.4690676015625 0.43694337968749997 0.45794532187500003 0.40820183749999994 0.43864986874999995 0.369624996875 0.42275899062500005 0.34474135 0.418284828125