5 0.1125 0.5671875 0.046875 0.05234375
5 0.5421875 0.55234375 0.06640625 0.034375
5 0.3671875 0.32734375 0.0890625 0.08984375
5 0.1 0.38359375 0.0390625 0.03203125
5 0.1234375 0.3671875 0.07734375 0.09453125
5 0.45 0.66640625 0.0453125 0.0375
5 0.0265625 0.54921875 0.05234375 0.04140625
5 0.16953125 0.67109375 0.1 0.0671875
5 0.065625 0.50078125 0.0796875 0.03984375
5 0.60234375 0.6171875 0.08984375 0.04609375
5 0.19921875 0.61484375 0.05390625 0.05390625
5 0.72421875 0.72109375 0.06328125 0.06953125
5 0.6125 0.5859375 0.0875 0.05390625
5 0.2515625 0.4984375 0.05234375 0.0625
5 0.82265625 0.60390625 0.06953125 0.04921875
5 0.22890625 0.27265625 0.05625 0.07109375
5 0.659375 0.47421875 0.09765625 0.0921875
5 0.36640625 0.55 0.134375 0.07734375
5 0.4078125 0.78046875 0.0515625 0.03203125
5 0.0921875 0.28359375 0.0875 0.0828125
5 0.5015625 0.4046875 0.146875 0.09375
5 0.30703125 0.64375 0.03125 0.0328125
5 0.74765625 0.65703125 0.05234375 0.06875
5 0.4578125 0.3984375 0.0359375 0.02734375
5 0.0234375 0.36015625 0.04609375 0.04921875
5 0.70703125 0.6296875 0.0703125 0.04609375
5 0.53359375 0.815625 0.12421875 0.08359375
5 0.1765625 0.42109375 0.040625 0.04609375
5 0.65234375 0.84296875 0.1 0.059375
5 0.53203125 0.69765625 0.2390625 0.18046875
5 0.359375 0.3078125 0.0640625 0.05546875
5 0.575384615625 0.5424120015625 0.5815384609375001 0.5510675125 0.6084615390625 0.5660703984375 0.6307692312500001 0.574725909375 0.63923076875 0.5758799765625 0.653846153125 0.57299480625 0.6569230765625 0.579919215625 0.673846153125 0.58049625 0.723846153125 0.5654933640625 0.7607692312500001 0.5372186953125 0.7730769234375 0.518176571875 0.776153846875 0.4697057125 0.753846153125 0.44200807812500004 0.7223076921875 0.42008078437499996 0.67923076875 0.41027120625 0.65076923125 0.41027120625 0.6261538468750001 0.416041546875 0.5884615390625 0.4339296015625 0.56076923125 0.454702828125 0.5530769234374999 0.4662435078125 0.54923076875 0.469128678125 0.5430769234375 0.46855164531250004 0.5369230765624999 0.48643970000000003 0.5369230765624999 0.497403346875 0.55076923125 0.5216387765625 0.5630769234375 0.53548759375 0.575384615625 0.5424120015625