5 0.11640625 0.5875 0.05 0.0546875
5 0.54453125 0.55 0.06875 0.0375
5 0.35859375 0.334375 0.09375 0.09375
5 0.09453125 0.4046875 0.040625 0.034375
5 0.1171875 0.38671875 0.0828125 0.0984375
5 0.45859375 0.66875 0.046875 0.0390625
5 0.0296875 0.57421875 0.0546875 0.04375
5 0.17890625 0.68828125 0.103125 0.071875
5 0.06640625 0.5234375 0.08125 0.04375
5 0.60859375 0.61171875 0.0921875 0.05
5 0.20546875 0.63046875 0.05625 0.05625
5 0.73515625 0.709375 0.0671875 0.0734375
5 0.6171875 0.5796875 0.090625 0.0578125
5 0.2515625 0.51171875 0.05625 0.065625
5 0.82734375 0.58671875 0.071875 0.053125
5 0.2171875 0.2875 0.059375 0.0734375
5 0.6578125 0.465625 0.103125 0.096875
5 0.36953125 0.55703125 0.1375 0.084375
5 0.42265625 0.78515625 0.053125 0.034375
5 0.08125 0.30546875 0.0921875 0.0875
5 0.496875 0.4046875 0.1515625 0.1015625
5 0.31484375 0.65390625 0.0328125 0.034375
5 0.75546875 0.64375 0.05625 0.071875
5 0.45234375 0.40078125 0.0375 0.0296875
5 0.0203125 0.38515625 0.040625 0.0515625
5 0.71328125 0.61875 0.071875 0.05
5 0.55 0.81328125 0.128125 0.090625
5 0.17265625 0.43828125 0.04375 0.0484375
5 0.6703125 0.834375 0.103125 0.0640625
5 0.5421875 0.69609375 0.2484375 0.1921875
5 0.34921875 0.315625 0.0671875 0.059375
5 0.7736539687499999 0.5038599203125 0.7741899078125 0.45529445468749996 0.750463203125 0.4288022734375 0.717820378125 0.408555625 0.674289096875 0.4010139625 0.645866565625 0.40250352500000003 0.6215869109375001 0.4095542265625 0.5848824484375 0.42939042968749996 0.558315278125 0.451584490625 0.5512375046875 0.46351193906250004 0.5475476203125 0.466594446875 0.5413720078125001 0.46634027187499993 0.5361627828125 0.4845258796875 0.5367365765625001 0.4954745015625 0.551832140625 0.518952065625 0.56484775625 0.53213776875 0.5775009765625 0.5384085515625 0.5840993828125 0.5467301328125 0.611770753125 0.5603034124999999 0.63450086875 0.5677795671875 0.643011209375 0.5684892109375 0.6574555656250001 0.564843084375 0.6608906671875 0.5715969703125 0.6778207515625 0.5712875281249999 0.7269670374999999 0.5536884046874999 0.7623597328125 0.5235200812499999 0.7736539687499999 0.5038599203125