4 0.48125 0.57890625 0.090625 0.1484375
4 0.76171875 0.4109375 0.06875 0.1171875
4 0.45703125 0.29453125 0.071875 0.078125
4 0.39765625 0.475 0.0796875 0.06875
4 0.54296875 0.3640625 0.0625 0.0890625
4 0.45 0.73125 0.0421875 0.084375
4 0.55 0.7765625 0.0484375 0.071875
4 0.60078125 0.6421875 0.0734375 0.0875
4 0.60078125 0.3515625 0.0421875 0.053125
4 0.6703125 0.22734375 0.0609375 0.05
4 0.71875 0.471875 0.08125 0.1109375
4 0.3375 0.49609375 0.0359375 0.05625
4 0.70078125 0.66171875 0.0796875 0.140625
4 0.66796875 0.36953125 0.08125 0.121875
4 0.4109375 0.63515625 0.0640625 0.0953125
4 0.6921875 0.50234375 0.0296875 0.05625
4 0.559375 0.20625 0.0640625 0.0671875
4 0.38359375 0.4171875 0.040625 0.040625
4 0.5609375 0.6515625 0.0328125 0.05625
4 0.38671875 0.70546875 0.0375 0.0546875
4 0.63203125 0.7546875 0.0828125 0.0984375
4 0.421875 0.2796875 0.025 0.0421875
4 0.56953125 0.290625 0.0484375 0.0546875