4 0.49921875 0.58046875 0.11875 0.1625
4 0.26796875 0.35 0.090625 0.128125
4 0.59140625 0.3109375 0.0859375 0.090625
4 0.60546875 0.5 0.0921875 0.084375
4 0.49140625 0.3578125 0.0796875 0.1
4 0.49296875 0.73671875 0.0578125 0.090625
4 0.384375 0.75625 0.0625 0.0796875
4 0.36796875 0.6140625 0.090625 0.1
4 0.4375 0.33203125 0.0515625 0.0609375
4 0.40078125 0.19375 0.06875 0.0609375
4 0.29453125 0.41953125 0.1015625 0.125
4 0.65859375 0.5359375 0.046875 0.0625
4 0.265625 0.6078125 0.10625 0.153125
4 0.36875 0.3328125 0.1046875 0.1359375
4 0.55390625 0.65234375 0.0828125 0.10625
4 0.31328125 0.45625 0.040625 0.0609375
4 0.5140625 0.20078125 0.0765625 0.078125
4 0.6328125 0.4484375 0.0484375 0.0484375
4 0.4046875 0.6328125 0.04375 0.0625
4 0.56015625 0.7265625 0.046875 0.0609375
4 0.31015625 0.71484375 0.1 0.1125
4 0.62890625 0.30546875 0.0328125 0.0453125
4 0.48359375 0.2796875 0.0578125 0.0625