4 0.4828125 0.57890625 0.0875 0.146875
4 0.76015625 0.40625 0.06640625 0.115625
4 0.453125 0.2953125 0.07109375 0.0765625
4 0.396875 0.4765625 0.078125 0.06796875
4 0.540625 0.36328125 0.06171875 0.08828125
4 0.45390625 0.73203125 0.040625 0.08359375
4 0.5546875 0.77578125 0.04765625 0.07109375
4 0.603125 0.640625 0.07265625 0.0859375
4 0.5984375 0.35 0.040625 0.053125
4 0.665625 0.22421875 0.059375 0.04921875
4 0.71796875 0.46796875 0.07890625 0.11015625
4 0.3375 0.49921875 0.03515625 0.05546875
4 0.70390625 0.6578125 0.0765625 0.1390625
4 0.665625 0.36640625 0.07890625 0.12109375
4 0.41328125 0.63671875 0.0625 0.09453125
4 0.6921875 0.49921875 0.028125 0.05546875
4 0.55390625 0.20546875 0.0625 0.06640625
4 0.38203125 0.41953125 0.03984375 0.040625
4 0.56328125 0.65078125 0.03125 0.05625
4 0.390625 0.70703125 0.0359375 0.0546875
4 0.63671875 0.75234375 0.08046875 0.09765625
4 0.41796875 0.28125 0.02421875 0.04140625
4 0.565625 0.2890625 0.046875 0.05390625