2 0.63046875 0.23671875 0.33359375 0.28125
3 0.3953125 0.7703125 0.12578125 0.08046875
3 0.39765625 0.925 0.09375 0.15
3 0.7484375 0.9453125 0.1359375 0.10703125
2 0.2625 0.25 0.36640625 0.35703125
3 0.60234375 0.953125 0.103125 0.09296875
3 0.63046875 0.86953125 0.11484375 0.11484375
3 0.28203125 0.7359375 0.11328125 0.1109375
3 0.65546875 0.76015625 0.10546875 0.10703125
3 0.734375 0.8703125 0.1 0.11328125
3 0.296875 0.840625 0.1125 0.09453125
3 0.49453125 0.94453125 0.09375 0.09375
3 0.81015625 0.90078125 0.07421875 0.08203125
3 0.80625 0.5984375 0.1 0.1
3 0.88046875 0.8859375 0.07109375 0.08671875
3 0.309375 0.640625 0.1453125 0.10234375
3 0.94921875 0.8234375 0.10078125 0.1546875
3 0.93984375 0.5953125 0.08046875 0.103125
3 0.7859375 0.67734375 0.0890625 0.1
3 0.87265625 0.59375 0.06328125 0.07265625
3 0.85859375 0.80546875 0.06796875 0.0640625
3 0.796875 0.75625 0.0625 0.06953125
3 0.909375 0.68828125 0.1125 0.1
3 0.17734375 0.71015625 0.0859375 0.0609375
3 0.61015625 0.7078125 0.06015625 0.07265625
3 0.55859375 0.74765625 0.07734375 0.0671875
3 0.3625 0.71640625 0.071875 0.06640625
3 0.26328125 0.87734375 0.075 0.05546875
3 0.1796875 0.6390625 0.1046875 0.0859375
3 0.74140625 0.74296875 0.0703125 0.0671875
3 0.69453125 0.97578125 0.0578125 0.0484375
3 0.56640625 0.81953125 0.0546875 0.05546875
3 0.190625 0.7625 0.08515625 0.0921875
3 0.953125 0.5125 0.06875 0.06640625
3 0.2078125 0.846875 0.0640625 0.06875
3 0.44453125 0.71015625 0.0640625 0.0453125
3 0.71171875 0.6875 0.04921875 0.05625
3 0.54296875 0.8734375 0.06328125 0.06640625
3 0.7390625 0.603125 0.05546875 0.0609375
3 0.1671875 0.765625 0.0484375 0.053125
3 0.796875 0.80859375 0.06875 0.05859375
3 0.55390625 0.63203125 0.065625 0.078125
3 0.85703125 0.93046875 0.04609375 0.040625
3 0.35625 0.925 0.05390625 0.07890625
3 0.6671875 0.578125 0.09375 0.06015625
3 0.67109375 0.678125 0.05234375 0.05
3 0.37265625 0.59140625 0.075 0.05234375
3 0.540625 0.68671875 0.0765625 0.0765625
3 0.303125 0.9171875 0.0703125 0.046875
3 0.534375 0.8625 0.0359375 0.02890625
3 0.44921875 0.64375 0.04765625 0.08515625
5 0.1296875 0.47578125 0.25234375 0.0859375
5 0.46640625 0.525 0.17734375 0.1