2 0.67421875 0.26328125 0.378125 0.334375
3 0.35 0.74765625 0.1375 0.1015625
3 0.32578125 0.90078125 0.11875 0.1640625
3 0.6671875 0.95859375 0.153125 0.0828125
2 0.309375 0.2125 0.4234375 0.415625
3 0.52109375 0.9546875 0.1171875 0.090625
3 0.5640625 0.88671875 0.1328125 0.1328125
3 0.24453125 0.69453125 0.13125 0.1296875
3 0.6078125 0.7828125 0.121875 0.1234375
3 0.66640625 0.90546875 0.11875 0.1296875
3 0.240625 0.8 0.1265625 0.1125
3 0.4171875 0.93671875 0.109375 0.109375
3 0.7359375 0.9484375 0.0875 0.09375
3 0.784375 0.65 0.115625 0.115625
3 0.8078125 0.94609375 0.084375 0.0984375
3 0.2875 0.60546875 0.1609375 0.1265625
3 0.8859375 0.896875 0.1265625 0.1703125
3 0.91640625 0.6703125 0.096875 0.115625
3 0.75078125 0.72421875 0.1046875 0.1140625
3 0.85078125 0.65703125 0.075 0.0828125
3 0.8 0.86328125 0.078125 0.075
3 0.74765625 0.80390625 0.0734375 0.0796875
3 0.8703125 0.75625 0.128125 0.11875
3 0.14609375 0.65078125 0.0953125 0.075
3 0.57265625 0.7234375 0.071875 0.08125
3 0.51484375 0.75390625 0.0875 0.0796875
3 0.32734375 0.6890625 0.0828125 0.078125
3 0.2015625 0.83046875 0.0828125 0.0671875
3 0.16015625 0.58125 0.11875 0.103125
3 0.6953125 0.78125 0.08125 0.078125
3 0.6078125 0.98671875 0.065625 0.0265625
3 0.51015625 0.8265625 0.0640625 0.0640625
3 0.15 0.7046875 0.1 0.10625
3 0.94375 0.590625 0.0796875 0.0765625
3 0.15234375 0.790625 0.075 0.078125
3 0.40859375 0.69765625 0.0703125 0.05625
3 0.67578125 0.72109375 0.0578125 0.0640625
3 0.47734375 0.875 0.0734375 0.0765625
3 0.7171875 0.64296875 0.065625 0.0703125
3 0.12578125 0.70390625 0.05625 0.0609375
3 0.7390625 0.85546875 0.078125 0.0703125
3 0.53046875 0.6390625 0.078125 0.0890625
3 0.7765625 0.98046875 0.053125 0.0390625
3 0.284375 0.89375 0.0671875 0.0875
3 0.65078125 0.60625 0.103125 0.075
3 0.6375 0.70546875 0.0609375 0.0578125
3 0.35859375 0.56796875 0.0828125 0.0640625
3 0.5078125 0.690625 0.0890625 0.0890625
3 0.23359375 0.8765625 0.078125 0.0578125
3 0.47109375 0.86328125 0.040625 0.034375
3 0.425 0.6328125 0.0625 0.0921875
5 0.13984375 0.41171875 0.2640625 0.128125
5 0.4625 0.51875 0.1921875 0.1296875