2 0.421875 0.21640625 0.38125 0.3390625
3 0.5515625 0.78515625 0.1390625 0.103125
3 0.51953125 0.9265625 0.1203125 0.146875
3 0.17109375 0.88984375 0.153125 0.13125
2 0.78046875 0.3 0.428125 0.4203125
3 0.31328125 0.925 0.11875 0.1109375
3 0.3015625 0.8375 0.134375 0.134375
3 0.66875 0.7734375 0.1328125 0.13125
3 0.29765625 0.72578125 0.1234375 0.125
3 0.19921875 0.81875 0.1203125 0.1296875
3 0.634375 0.8734375 0.128125 0.1140625
3 0.4203125 0.9375 0.109375 0.109375
3 0.11875 0.834375 0.0890625 0.0953125
3 0.18046875 0.53828125 0.1171875 0.1171875
3 0.053125 0.80625 0.0859375 0.0984375
3 0.66015625 0.67421875 0.1625 0.128125
3 0.03046875 0.73203125 0.0609375 0.1703125
3 0.05 0.509375 0.0984375 0.1171875
3 0.18515625 0.61953125 0.10625 0.115625
3 0.11640625 0.52109375 0.0765625 0.0828125
3 0.08984375 0.73125 0.0796875 0.0765625
3 0.159375 0.69453125 0.075 0.0796875
3 0.06328125 0.60703125 0.1265625 0.1203125
3 0.7765625 0.76796875 0.0953125 0.0765625
3 0.35234375 0.6828125 0.0734375 0.0828125
3 0.3953125 0.73203125 0.0890625 0.08125
3 0.59375 0.73828125 0.0828125 0.078125
3 0.66015625 0.915625 0.084375 0.06875
3 0.78828125 0.69765625 0.11875 0.1046875
3 0.21640625 0.6921875 0.08125 0.0796875
3 0.21796875 0.9296875 0.065625 0.0578125
3 0.37421875 0.80078125 0.0640625 0.065625
3 0.75390625 0.81640625 0.1015625 0.10625
3 0.053125 0.42578125 0.0796875 0.078125
3 0.7203125 0.89609375 0.0765625 0.0796875
3 0.5140625 0.7171875 0.071875 0.05625
3 0.25625 0.64375 0.059375 0.0640625
3 0.38671875 0.85859375 0.075 0.0765625
3 0.2453125 0.55546875 0.065625 0.0703125
3 0.77578125 0.82421875 0.0578125 0.0609375
3 0.15 0.74609375 0.078125 0.0703125
3 0.421875 0.61953125 0.0796875 0.0890625
3 0.0671875 0.8546875 0.053125 0.0484375
3 0.56015625 0.94453125 0.06875 0.0875
3 0.32109375 0.54453125 0.103125 0.0765625
3 0.2984375 0.6421875 0.0609375 0.059375
3 0.6078125 0.6140625 0.084375 0.065625
3 0.42421875 0.67578125 0.0890625 0.0890625
3 0.61328125 0.946875 0.078125 0.059375
3 0.396875 0.84921875 0.040625 0.0359375
3 0.52265625 0.65078125 0.0625 0.0921875
5 0.86796875 0.546875 0.2640625 0.1328125
5 0.528125 0.53125 0.19375 0.13125