2 0.53828125 0.45 0.0546875 0.0640625
5 0.4890625 0.74296875 0.159375 0.1484375
2 0.28203125 0.60625 0.0484375 0.053125
2 0.478125 0.57421875 0.0546875 0.05
2 0.5578125 0.3765625 0.0640625 0.0515625
5 0.63203125 0.7640625 0.134375 0.1296875
5 0.6953125 0.596875 0.103125 0.1390625
5 0.32734375 0.51015625 0.146875 0.1015625
2 0.66171875 0.29765625 0.053125 0.040625
2 0.85 0.49765625 0.0453125 0.0421875
5 0.40234375 0.72265625 0.1046875 0.1015625
5 0.70078125 0.43515625 0.125 0.11875
5 0.57890625 0.509375 0.1046875 0.10625
2 0.6359375 0.31015625 0.05625 0.04375
2 0.68515625 0.51015625 0.053125 0.0578125
5 0.5 0.48203125 0.09375 0.103125
5 0.871875 0.5546875 0.0953125 0.090625
2 0.6703125 0.47421875 0.0484375 0.040625
2 0.5265625 0.57421875 0.0515625 0.05
2 0.7359375 0.3109375 0.0546875 0.0484375
5 0.58515625 0.5859375 0.1078125 0.0828125
5 0.43359375 0.47734375 0.0984375 0.0859375
5 0.77109375 0.38125 0.0796875 0.071875
5 0.7015625 0.6734375 0.0953125 0.090625
2 0.44609375 0.5953125 0.0578125 0.0359375
5 0.353125 0.4578125 0.1046875 0.0890625
5 0.43203125 0.365625 0.1046875 0.0859375
5 0.79921875 0.64921875 0.1078125 0.1140625
2 0.79921875 0.33515625 0.0484375 0.0421875
2 0.7203125 0.3390625 0.04375 0.0359375
5 0.82734375 0.56640625 0.0578125 0.065625
5 0.72265625 0.5390625 0.084375 0.0828125
5 0.71875 0.71796875 0.146875 0.10625
5 0.32578125 0.646875 0.125 0.1296875
5 0.3453125 0.5703125 0.0703125 0.103125
5 0.50390625 0.28125 0.10625 0.065625
5 0.60703125 0.27890625 0.06875 0.0625
5 0.43828125 0.31484375 0.0828125 0.053125
5 0.49921875 0.31875 0.071875 0.0578125
5 0.59296875 0.434375 0.0640625 0.0734375