2 0.53125 0.4453125 0.04765625 0.0578125
5 0.52265625 0.7421875 0.14296875 0.13046875
2 0.29921875 0.63515625 0.04140625 0.0484375
2 0.48828125 0.5765625 0.04921875 0.04296875
2 0.53984375 0.36953125 0.05859375 0.04453125
5 0.6671875 0.74296875 0.1203125 0.1140625
5 0.70703125 0.56875 0.0859375 0.12890625
5 0.33046875 0.534375 0.13671875 0.08359375
2 0.63203125 0.27734375 0.04921875 0.034375
2 0.84609375 0.44921875 0.040625 0.03671875
5 0.434375 0.734375 0.09296875 0.08984375
5 0.68984375 0.4078125 0.1109375 0.1046875
5 0.5796875 0.4984375 0.09296875 0.09453125
2 0.6078125 0.29296875 0.0515625 0.03671875
2 0.68515625 0.484375 0.04609375 0.0515625
5 0.49765625 0.48203125 0.08203125 0.09296875
5 0.87578125 0.50234375 0.08515625 0.0796875
2 0.66484375 0.45078125 0.04375 0.034375
2 0.53671875 0.56953125 0.04609375 0.04375
2 0.70703125 0.2796875 0.05 0.04140625
5 0.59609375 0.5734375 0.0984375 0.0703125
5 0.43125 0.48671875 0.08984375 0.0734375
5 0.7515625 0.34453125 0.07109375 0.06328125
5 0.7234375 0.64375 0.084375 0.07890625
2 0.46015625 0.6015625 0.0546875 0.02890625
5 0.3484375 0.47890625 0.09453125 0.07734375
5 0.4140625 0.3765625 0.0953125 0.0734375
5 0.8171875 0.60625 0.0953125 0.1015625
2 0.7734375 0.2953125 0.04375 0.0359375
2 0.69609375 0.31015625 0.040625 0.03046875
5 0.83359375 0.5203125 0.05 0.05859375
5 0.72578125 0.5078125 0.07421875 0.0734375
5 0.746875 0.68515625 0.1359375 0.08828125
5 0.34765625 0.66953125 0.109375 0.11484375
5 0.35625 0.59140625 0.05703125 0.09609375
5 0.4734375 0.2828125 0.1 0.0515625
5 0.575 0.26640625 0.06171875 0.05390625
5 0.41328125 0.325 0.07734375 0.04296875
5 0.47421875 0.3203125 0.065625 0.04921875
5 0.5828125 0.421875 0.0546875 0.06640625