2 0.5234375 0.44140625 0.0546875 0.0640625
5 0.55625 0.73671875 0.159375 0.1484375
2 0.3203125 0.66171875 0.0484375 0.053125
2 0.49921875 0.57734375 0.0546875 0.05
2 0.52109375 0.365625 0.0640625 0.0515625
5 0.69921875 0.7171875 0.134375 0.1296875
5 0.71484375 0.5390625 0.103125 0.1390625
5 0.33671875 0.5578125 0.146875 0.1015625
2 0.6 0.2609375 0.053125 0.040625
2 0.8359375 0.4015625 0.0453125 0.0421875
5 0.46796875 0.74140625 0.1046875 0.1015625
5 0.675 0.38203125 0.125 0.11875
5 0.57890625 0.4875 0.1046875 0.10625
2 0.578125 0.2796875 0.05625 0.04375
2 0.68125 0.45859375 0.053125 0.0578125
5 0.4953125 0.4828125 0.09375 0.103125
5 0.87265625 0.45 0.0953125 0.090625
2 0.65625 0.428125 0.0484375 0.040625
2 0.54609375 0.5640625 0.0515625 0.05
2 0.67421875 0.253125 0.0546875 0.0484375
5 0.60546875 0.559375 0.1078125 0.0828125
5 0.4296875 0.49609375 0.0984375 0.0859375
5 0.72734375 0.3109375 0.0796875 0.071875
5 0.74140625 0.6109375 0.0953125 0.090625
2 0.475 0.60625 0.0578125 0.0359375
5 0.346875 0.5 0.1046875 0.0890625
5 0.39765625 0.38984375 0.1046875 0.0859375
5 0.82890625 0.5609375 0.1078125 0.1140625
2 0.7421875 0.259375 0.0484375 0.0421875
2 0.66796875 0.284375 0.04375 0.0359375
5 0.8328125 0.4734375 0.0578125 0.065625
5 0.725 0.4765625 0.084375 0.0828125
5 0.7703125 0.64921875 0.146875 0.10625
5 0.37265625 0.6890625 0.125 0.1296875
5 0.3703125 0.61015625 0.0703125 0.103125
5 0.44375 0.28828125 0.10625 0.065625
5 0.54140625 0.25859375 0.06875 0.0625
5 0.38984375 0.3390625 0.0828125 0.053125
5 0.44921875 0.32578125 0.071875 0.0578125
5 0.57109375 0.4109375 0.0640625 0.0734375