2 0.32890625 0.38203125 0.24140625 0.23125
5 0.70546875 0.36875 0.28515625 0.14765625
2 0.15625 0.60546875 0.18984375 0.22578125
5 0.60625 0.8546875 0.128125 0.10234375
5 0.7265625 0.81875 0.10390625 0.10078125
5 0.590625 0.75078125 0.12734375 0.0859375
5 0.73046875 0.70078125 0.1296875 0.11328125
5 0.43828125 0.81953125 0.1234375 0.1046875
5 0.60546875 0.6609375 0.13828125 0.09140625
5 0.4890625 0.71015625 0.090625 0.10546875
5 0.4828125 0.61015625 0.10078125 0.10703125
5 0.5796875 0.56015625 0.10859375 0.08984375
5 0.75625 0.615625 0.06171875 0.06015625
5 0.69375 0.625 0.07890625 0.0796875
5 0.66171875 0.4515625 0.3359375 0.0796875