2 0.309375 0.4171875 0.28125 0.2734375
5 0.6765625 0.33203125 0.3078125 0.2
2 0.1828125 0.66875 0.2296875 0.2578125
5 0.671875 0.828125 0.1453125 0.125
5 0.78359375 0.76953125 0.121875 0.11875
5 0.63671875 0.72890625 0.140625 0.109375
5 0.76484375 0.653125 0.1484375 0.1359375
5 0.5 0.82578125 0.140625 0.1265625
5 0.634375 0.6375 0.153125 0.115625
5 0.5296875 0.70859375 0.109375 0.1203125
5 0.50390625 0.61171875 0.11875 0.125
5 0.58984375 0.54375 0.1234375 0.109375
5 0.7734375 0.56484375 0.071875 0.0703125
5 0.7140625 0.5859375 0.0921875 0.09375
5 0.64921875 0.421875 0.3453125 0.1421875