2 0.6890625 0.41328125 0.278125 0.2703125
5 0.3203125 0.33515625 0.30625 0.1953125
2 0.8203125 0.66328125 0.2265625 0.2546875
5 0.33359375 0.83046875 0.14375 0.1234375
5 0.221875 0.77421875 0.1203125 0.1171875
5 0.3671875 0.73125 0.140625 0.10625
5 0.23828125 0.6578125 0.146875 0.134375
5 0.50546875 0.82578125 0.1390625 0.125
5 0.36796875 0.63984375 0.1515625 0.1140625
5 0.47421875 0.70859375 0.1078125 0.1203125
5 0.49765625 0.61171875 0.1171875 0.1234375
5 0.4109375 0.5453125 0.121875 0.1078125
5 0.22734375 0.56953125 0.071875 0.0703125
5 0.2875 0.58984375 0.0921875 0.0921875
5 0.34921875 0.42421875 0.3453125 0.1375