5 0.10859375 0.57421875 0.1203125 0.1609375
5 0.8921875 0.41640625 0.08359375 0.2203125
5 0.178125 0.7296875 0.13515625 0.17890625
5 0.1859375 0.253125 0.103125 0.14921875
5 0.8578125 0.2515625 0.11328125 0.17109375
5 0.7515625 0.13125 0.1078125 0.15234375
5 0.33125 0.1203125 0.10390625 0.11640625
5 0.6265625 0.0796875 0.0875 0.10546875
5 0.771875 0.78046875 0.146875 0.15703125
5 0.57265625 0.8265625 0.259375 0.13828125
5 0.471875 0.078125 0.125 0.134375
5 0.85703125 0.58984375 0.08828125 0.1953125
5 0.359375 0.8515625 0.11640625 0.13515625
5 0.11875 0.396875 0.0953125 0.1453125
5 0.07578125 0.625 0.0625 0.1484375
5 0.3765625 0.67734375 0.09609375 0.09453125