5 0.8984375 0.484375 0.153125 0.184375
5 0.09921875 0.50703125 0.13125 0.2328125
5 0.865625 0.6515625 0.171875 0.2046875
5 0.75078125 0.1890625 0.134375 0.16875
5 0.0953125 0.33828125 0.1484375 0.1921875
5 0.171875 0.19765625 0.1390625 0.1734375
5 0.57890625 0.0921875 0.128125 0.1375
5 0.28203125 0.11875 0.109375 0.121875
5 0.2984375 0.834375 0.178125 0.1859375
5 0.50234375 0.834375 0.284375 0.19375
5 0.4328125 0.0828125 0.1515625 0.159375
5 0.17265625 0.66796875 0.1296875 0.2109375
5 0.71640625 0.8109375 0.14375 0.1578125
5 0.8484375 0.3140625 0.125 0.1625
5 0.94140625 0.5265625 0.09375 0.159375
5 0.66015625 0.6453125 0.115625 0.1140625