5 0.10546875 0.55390625 0.128125 0.1671875
5 0.89609375 0.43671875 0.0953125 0.225
5 0.16640625 0.7125 0.14375 0.1859375
5 0.19921875 0.23671875 0.1109375 0.1546875
5 0.8703125 0.2703125 0.121875 0.1765625
5 0.7703125 0.14453125 0.115625 0.1578125
5 0.3515625 0.11171875 0.109375 0.121875
5 0.6484375 0.08671875 0.0921875 0.109375
5 0.75703125 0.79453125 0.1546875 0.1640625
5 0.55546875 0.8296875 0.265625 0.1515625
5 0.49375 0.07734375 0.13125 0.140625
5 0.8515625 0.60859375 0.0984375 0.2
5 0.34140625 0.84375 0.1234375 0.140625
5 0.125 0.37734375 0.103125 0.15
5 0.06953125 0.60234375 0.0703125 0.1515625
5 0.3671875 0.6703125 0.1015625 0.1