5 0.40625 0.36640625 0.059375 0.0609375
5 0.39375 0.58828125 0.1484375 0.228125
5 0.62265625 0.43671875 0.05625 0.0828125
5 0.571875 0.4265625 0.0578125 0.0796875
5 0.40078125 0.4515625 0.0546875 0.0875
5 0.4453125 0.41796875 0.0578125 0.08125
5 0.734375 0.53203125 0.0515625 0.078125
5 0.6375 0.55390625 0.05625 0.0703125
5 0.475 0.321875 0.05625 0.0765625
5 0.6875 0.54296875 0.059375 0.071875
5 0.5640625 0.63515625 0.046875 0.075
5 0.73671875 0.61328125 0.059375 0.0765625
5 0.559375 0.50390625 0.0484375 0.078125
5 0.6015625 0.6390625 0.0546875 0.0734375
5 0.753125 0.4265625 0.0421875 0.06875
5 0.63671875 0.50390625 0.0578125 0.05
5 0.52265625 0.36875 0.0640625 0.0875
5 0.46015625 0.29453125 0.0453125 0.0515625
5 0.5484375 0.57265625 0.03125 0.065625
5 0.671875 0.3046875 0.0453125 0.0703125
5 0.6 0.5484375 0.0328125 0.115625
5 0.78203125 0.59140625 0.0515625 0.059375
5 0.71328125 0.36953125 0.040625 0.04375
5 0.35390625 0.38515625 0.0703125 0.1203125
5 0.3171875 0.7 0.1171875 0.1984375
5 0.53671875 0.5140625 0.0234375 0.0515625
5 0.40078125 0.53671875 0.0359375 0.059375
5 0.24453125 0.50546875 0.0515625 0.08125
5 0.24375 0.36640625 0.0359375 0.0359375
5 0.7703125 0.54765625 0.046875 0.0546875
5 0.76328125 0.48828125 0.034375 0.0484375
5 0.56875 0.57890625 0.03125 0.05
5 0.7421875 0.48125 0.034375 0.0515625
5 0.69453125 0.49296875 0.040625 0.040625
5 0.30546875 0.4953125 0.028125 0.0265625
5 0.6375 0.37421875 0.103125 0.103125