5 0.41796875 0.35859375 0.05390625 0.05703125
5 0.38671875 0.57890625 0.1296875 0.2171875
5 0.62734375 0.44765625 0.05 0.07890625
5 0.578125 0.4328125 0.05078125 0.07578125
5 0.40546875 0.44296875 0.04765625 0.084375
5 0.45234375 0.41328125 0.05078125 0.07734375
5 0.73046875 0.55234375 0.0453125 0.075
5 0.63203125 0.565625 0.05 0.06640625
5 0.490625 0.3203125 0.05 0.07265625
5 0.6828125 0.559375 0.05390625 0.0671875
5 0.55234375 0.640625 0.040625 0.07109375
5 0.72578125 0.63359375 0.053125 0.07265625
5 0.55859375 0.509375 0.04140625 0.07421875
5 0.5890625 0.64765625 0.0484375 0.06953125
5 0.75859375 0.44921875 0.03671875 0.065625
5 0.6359375 0.515625 0.05390625 0.04609375
5 0.534375 0.37109375 0.05625 0.08359375
5 0.478125 0.2921875 0.04140625 0.04765625
5 0.5421875 0.5765625 0.025 0.0640625
5 0.68828125 0.3203125 0.0390625 0.06640625
5 0.5953125 0.55703125 0.0234375 0.11328125
5 0.77265625 0.615625 0.04765625 0.0546875
5 0.72421875 0.38828125 0.0375 0.04140625
5 0.36484375 0.37265625 0.06015625 0.115625
5 0.30078125 0.68359375 0.1015625 0.18984375
5 0.53515625 0.5171875 0.01875 0.05
5 0.39765625 0.528125 0.03046875 0.05703125
5 0.2453125 0.48359375 0.0453125 0.07734375
5 0.25625 0.34453125 0.03359375 0.03359375
5 0.76484375 0.57109375 0.0421875 0.0515625
5 0.76328125 0.5109375 0.03125 0.0453125
5 0.56171875 0.584375 0.0265625 0.0484375
5 0.74296875 0.50234375 0.0296875 0.0484375
5 0.69453125 0.51015625 0.0375 0.03671875
5 0.30703125 0.478125 0.0265625 0.025
5 0.64765625 0.38671875 0.09453125 0.09453125