5 0.54375 0.425 0.0765625 0.109375
5 0.6140625 0.440625 0.0921875 0.1171875
5 0.43671875 0.48046875 0.096875 0.1265625
5 0.44296875 0.590625 0.08125 0.10625
5 0.4703125 0.63359375 0.09375 0.1359375
5 0.30390625 0.45859375 0.084375 0.1
5 0.60390625 0.21328125 0.0734375 0.0921875
5 0.23984375 0.47421875 0.0953125 0.1
5 0.6203125 0.51484375 0.0984375 0.0953125
5 0.73046875 0.30703125 0.078125 0.0765625
5 0.7390625 0.45546875 0.0734375 0.0890625
5 0.54140625 0.59453125 0.10625 0.1015625
5 0.653125 0.27578125 0.075 0.0921875
5 0.56796875 0.709375 0.071875 0.1234375
5 0.321875 0.375 0.0796875 0.096875
5 0.5328125 0.51796875 0.0953125 0.090625
5 0.26171875 0.56484375 0.065625 0.090625
5 0.75703125 0.56328125 0.0890625 0.096875
5 0.615625 0.63125 0.0859375 0.103125
5 0.3625 0.67734375 0.121875 0.1203125
5 0.2484375 0.34453125 0.0859375 0.0828125
5 0.71796875 0.4953125 0.0609375 0.1109375
5 0.4859375 0.45 0.0703125 0.1015625
5 0.721875 0.609375 0.0953125 0.1234375
5 0.36640625 0.47421875 0.084375 0.0734375
5 0.278125 0.36875 0.0609375 0.0859375
5 0.309375 0.60859375 0.078125 0.0890625
5 0.609375 0.31796875 0.0515625 0.084375
5 0.76953125 0.421875 0.06875 0.0859375
5 0.32265625 0.55546875 0.0734375 0.08125
5 0.5953125 0.55625 0.0765625 0.0765625
5 0.340625 0.2828125 0.05 0.1046875
5 0.646875 0.15546875 0.0875 0.0875
5 0.6796875 0.3984375 0.08125 0.0765625
5 0.64375 0.70546875 0.0875 0.0890625
5 0.68515625 0.49609375 0.0515625 0.11875
5 0.659375 0.57890625 0.075 0.071875
5 0.728125 0.23984375 0.065625 0.0765625
5 0.2484375 0.42578125 0.08125 0.0625
5 0.3109375 0.25625 0.06875 0.0875
5 0.5140625 0.71015625 0.075 0.090625
5 0.76171875 0.521875 0.0625 0.0734375
5 0.509375 0.31015625 0.06875 0.1171875
5 0.44609375 0.7265625 0.09375 0.1
5 0.27109375 0.6421875 0.0859375 0.0828125
5 0.31328125 0.30078125 0.05 0.0828125
5 0.48046875 0.225 0.05625 0.0859375
5 0.27265625 0.2875 0.0515625 0.0734375
5 0.6515625 0.21796875 0.0484375 0.0671875
5 0.728125 0.38984375 0.053125 0.0796875
5 0.659375 0.4734375 0.046875 0.05625
5 0.40390625 0.41796875 0.0515625 0.071875
5 0.34453125 0.51640625 0.0515625 0.05
5 0.6796875 0.228125 0.0375 0.05625
5 0.63984375 0.6640625 0.0625 0.0640625
5 0.4859375 0.1703125 0.03125 0.046875
5 0.675 0.26171875 0.0375 0.0453125
5 0.775 0.3578125 0.0421875 0.040625
5 0.77109375 0.47421875 0.0390625 0.053125
5 0.3625 0.203125 0.0390625 0.05
5 0.4671875 0.53359375 0.046875 0.0578125
5 0.76328125 0.30546875 0.0390625 0.05
5 0.6703125 0.37265625 0.0328125 0.0328125