5 0.46953125 0.41875 0.06015625 0.10078125
5 0.39765625 0.421875 0.075 0.10625
5 0.565625 0.49140625 0.07890625 0.1140625
5 0.540625 0.59921875 0.065625 0.09609375
5 0.50625 0.63671875 0.0734375 0.12578125
5 0.7 0.49296875 0.0703125 0.08984375
5 0.44765625 0.2 0.059375 0.08359375
5 0.7609375 0.51953125 0.08203125 0.08671875
5 0.37890625 0.49375 0.0859375 0.08125
5 0.30625 0.26953125 0.06796875 0.065625
5 0.27265625 0.41484375 0.0609375 0.07890625
5 0.44296875 0.5859375 0.0921875 0.0875
5 0.38828125 0.25234375 0.06171875 0.0828125
5 0.396875 0.69453125 0.053125 0.115625
5 0.696875 0.4078125 0.065625 0.0875
5 0.46484375 0.51171875 0.08359375 0.0765625
5 0.7234375 0.60546875 0.05234375 0.08203125
5 0.2359375 0.51796875 0.07578125 0.084375
5 0.36328125 0.609375 0.07109375 0.09296875
5 0.6046875 0.6984375 0.10546875 0.103125
5 0.775 0.390625 0.075 0.0703125
5 0.2859375 0.4578125 0.04296875 0.1046875
5 0.52265625 0.453125 0.05546875 0.09375
5 0.2625 0.56953125 0.0765625 0.1125
5 0.6359375 0.49765625 0.075 0.06171875
5 0.74140625 0.409375 0.04765625 0.07890625
5 0.66875 0.63984375 0.06484375 0.0796875
5 0.42421875 0.3015625 0.03828125 0.0796875
5 0.2484375 0.3765625 0.05625 0.0765625
5 0.66484375 0.58515625 0.06171875 0.07109375
5 0.39609375 0.5390625 0.06640625 0.06640625
5 0.69453125 0.3140625 0.0328125 0.1
5 0.41484375 0.13515625 0.075 0.07578125
5 0.340625 0.36875 0.0703125 0.065625
5 0.32265625 0.67734375 0.07578125 0.0765625
5 0.31796875 0.4640625 0.0328125 0.1140625
5 0.3296875 0.55 0.065625 0.06171875
5 0.3203125 0.20390625 0.0546875 0.06875
5 0.7609375 0.4703125 0.0734375 0.05078125
5 0.728125 0.29296875 0.05625 0.0796875
5 0.45 0.7046875 0.06171875 0.08125
5 0.23828125 0.47578125 0.0515625 0.065625
5 0.5234375 0.31171875 0.05 0.1109375
5 0.5140625 0.7328125 0.0796875 0.08671875
5 0.70078125 0.6796875 0.07421875 0.07109375
5 0.71875 0.3359375 0.03671875 0.078125
5 0.5671875 0.2328125 0.04296875 0.07890625
5 0.7609375 0.33046875 0.03984375 0.06796875
5 0.4 0.19609375 0.0390625 0.0609375
5 0.29453125 0.3515625 0.040625 0.07421875
5 0.34765625 0.44609375 0.0390625 0.05
5 0.60859375 0.4359375 0.040625 0.06640625
5 0.65 0.54296875 0.0453125 0.04296875
5 0.3703125 0.20078125 0.028125 0.05234375
5 0.33359375 0.6375 0.05390625 0.05546875
5 0.57109375 0.178125 0.02421875 0.04375
5 0.36875 0.23515625 0.03125 0.03984375
5 0.25390625 0.3125 0.0359375 0.03515625
5 0.2375 0.42734375 0.03046875 0.04921875
5 0.68671875 0.23125 0.03125 0.0453125
5 0.5265625 0.5390625 0.0390625 0.05234375
5 0.27421875 0.2625 0.03203125 0.04453125
5 0.3546875 0.3453125 0.028125 0.028125