5 0.53984375 0.4234375 0.071875 0.1078125
5 0.6109375 0.43515625 0.0875 0.1140625
5 0.4359375 0.48359375 0.0921875 0.1234375
5 0.44765625 0.59375 0.0765625 0.103125
5 0.47734375 0.63515625 0.0875 0.134375
5 0.30234375 0.46875 0.08125 0.0984375
5 0.58828125 0.20859375 0.06875 0.090625
5 0.23828125 0.4875 0.0921875 0.0953125
5 0.62109375 0.50859375 0.0953125 0.090625
5 0.7203125 0.29453125 0.075 0.0734375
5 0.7359375 0.44296875 0.0703125 0.0859375
5 0.54609375 0.5921875 0.1015625 0.0984375
5 0.64140625 0.26796875 0.071875 0.0890625
5 0.57890625 0.70546875 0.0671875 0.121875
5 0.315625 0.384375 0.0765625 0.0953125
5 0.53359375 0.515625 0.0921875 0.0859375
5 0.265625 0.57734375 0.0625 0.0875
5 0.76015625 0.55 0.0859375 0.09375
5 0.62265625 0.625 0.08125 0.1015625
5 0.371875 0.684375 0.1171875 0.115625
5 0.240625 0.3578125 0.0828125 0.0796875
5 0.71796875 0.484375 0.0546875 0.109375
5 0.48359375 0.45078125 0.0671875 0.1
5 0.72734375 0.59765625 0.0890625 0.1203125
5 0.365625 0.48125 0.08125 0.0703125
5 0.27109375 0.38046875 0.05625 0.084375
5 0.315625 0.61796875 0.0734375 0.0875
5 0.59921875 0.3125 0.0484375 0.084375
5 0.76484375 0.4078125 0.065625 0.0828125
5 0.32578125 0.5640625 0.0703125 0.078125
5 0.5984375 0.5515625 0.0734375 0.0734375
5 0.3296875 0.29140625 0.0453125 0.103125
5 0.62890625 0.1484375 0.084375 0.084375
5 0.67421875 0.3890625 0.078125 0.0734375
5 0.6546875 0.69765625 0.084375 0.0859375
5 0.68515625 0.48671875 0.046875 0.1171875
5 0.66328125 0.5703125 0.0734375 0.06875
5 0.7140625 0.228125 0.0625 0.075
5 0.24453125 0.4390625 0.0796875 0.059375
5 0.2984375 0.26640625 0.065625 0.0859375
5 0.525 0.709375 0.071875 0.0875
5 0.7625 0.5078125 0.059375 0.071875
5 0.5 0.31015625 0.0625 0.115625
5 0.4578125 0.7296875 0.0890625 0.0953125
5 0.27890625 0.65390625 0.0828125 0.0796875
5 0.303125 0.31015625 0.0453125 0.08125
5 0.465625 0.2265625 0.0515625 0.0828125
5 0.26171875 0.3 0.0484375 0.071875
5 0.6359375 0.21015625 0.046875 0.065625
5 0.721875 0.37734375 0.05 0.078125
5 0.6578125 0.46484375 0.0453125 0.0546875
5 0.4 0.4234375 0.0484375 0.0703125
5 0.34609375 0.52421875 0.05 0.0484375
5 0.66484375 0.21875 0.034375 0.0546875
5 0.6484375 0.65703125 0.0609375 0.0609375
5 0.46875 0.171875 0.0296875 0.046875
5 0.6625 0.253125 0.0359375 0.04375
5 0.7671875 0.34375 0.040625 0.0390625
5 0.76953125 0.46015625 0.0359375 0.053125
5 0.34765625 0.21015625 0.0359375 0.0484375
5 0.46875 0.53515625 0.0453125 0.05625
5 0.753125 0.29140625 0.0375 0.0484375
5 0.66328125 0.3640625 0.03125 0.03125