3 0.49921875 0.4390625 0.14765625 0.31953125
3 0.528125 0.13125 0.1265625 0.1515625
3 0.7171875 0.55390625 0.19765625 0.196875
3 0.40078125 0.31875 0.1078125 0.134375
3 0.27265625 0.76171875 0.15234375 0.11875
3 0.27109375 0.44921875 0.11484375 0.19921875
3 0.61171875 0.7640625 0.1046875 0.17890625
3 0.58828125 0.8578125 0.1375 0.23046875
3 0.61640625 0.32578125 0.08203125 0.128125
3 0.73359375 0.2578125 0.0890625 0.11484375
3 0.4140625 0.16953125 0.0875 0.1375
3 0.4578125 0.2625 0.1921875 0.190625
3 0.38203125 0.490625 0.109375 0.1265625
3 0.1859375 0.4578125 0.146875 0.215625
3 0.675 0.328125 0.1578125 0.21796875
3 0.6796875 0.7359375 0.1109375 0.1734375
3 0.7671875 0.67109375 0.10234375 0.1828125
3 0.32109375 0.8421875 0.10625 0.08203125