3 0.50078125 0.4390625 0.146875 0.31875
3 0.471875 0.13125 0.1265625 0.1515625
3 0.2828125 0.55390625 0.196875 0.196875
3 0.59921875 0.31875 0.1078125 0.134375
3 0.72734375 0.76171875 0.153125 0.11875
3 0.72890625 0.44921875 0.115625 0.2
3 0.38828125 0.7640625 0.1046875 0.178125
3 0.41171875 0.8578125 0.1375 0.23125
3 0.38359375 0.32578125 0.08125 0.128125
3 0.26640625 0.2578125 0.0890625 0.115625
3 0.5859375 0.16953125 0.0875 0.1375
3 0.5421875 0.2625 0.1921875 0.190625
3 0.61796875 0.490625 0.109375 0.1265625
3 0.8140625 0.4578125 0.146875 0.215625
3 0.325 0.328125 0.1578125 0.21875
3 0.3203125 0.7359375 0.1109375 0.1734375
3 0.2328125 0.67109375 0.103125 0.1828125
3 0.67890625 0.8421875 0.10625 0.08125