3 0.5 0.4390625 0.153125 0.321875
3 0.465625 0.13203125 0.1296875 0.153125
3 0.28359375 0.5578125 0.2015625 0.2
3 0.59609375 0.3171875 0.109375 0.1359375
3 0.73203125 0.7578125 0.1546875 0.121875
3 0.728125 0.4453125 0.11875 0.2015625
3 0.39296875 0.765625 0.1078125 0.18125
3 0.41796875 0.859375 0.1421875 0.2328125
3 0.38046875 0.328125 0.084375 0.1296875
3 0.2625 0.26171875 0.090625 0.115625
3 0.58046875 0.16796875 0.090625 0.1390625
3 0.53828125 0.26171875 0.1953125 0.19375
3 0.61796875 0.48828125 0.1109375 0.128125
3 0.81328125 0.45234375 0.15 0.21875
3 0.321875 0.33125 0.1609375 0.2203125
3 0.32421875 0.7390625 0.1140625 0.175
3 0.2359375 0.67578125 0.10625 0.184375
3 0.68515625 0.8390625 0.1078125 0.084375