4 0.63828125 0.6078125 0.046875 0.0546875
4 0.58515625 0.659375 0.04921875 0.06171875
4 0.4171875 0.540625 0.05625 0.084375
4 0.6625 0.7140625 0.046875 0.06953125
4 0.4546875 0.75625 0.0515625 0.0703125
4 0.46640625 0.5625 0.046875 0.071875
4 0.49375 0.4984375 0.05 0.0765625
4 0.6171875 0.46875 0.03203125 0.07890625
4 0.459375 0.35625 0.05078125 0.06796875
4 0.4015625 0.59921875 0.05546875 0.08046875
4 0.45546875 0.2484375 0.05234375 0.08203125
4 0.53203125 0.74375 0.0375 0.0515625
4 0.51796875 0.803125 0.04921875 0.06953125
4 0.41328125 0.825 0.05234375 0.07890625
4 0.44140625 0.4265625 0.04140625 0.0828125
4 0.49140625 0.60078125 0.05390625 0.075
4 0.4578125 0.8546875 0.046875 0.05859375
4 0.565625 0.85078125 0.05390625 0.0453125
4 0.67109375 0.603125 0.0359375 0.0609375
4 0.68203125 0.75625 0.03515625 0.053125
4 0.5625 0.26484375 0.02890625 0.0640625
4 0.4140625 0.7078125 0.0609375 0.07578125
4 0.678125 0.4546875 0.04765625 0.0765625
4 0.3921875 0.19140625 0.03671875 0.04609375
4 0.3875 0.23125 0.046875 0.07265625
4 0.6 0.39296875 0.03671875 0.059375
4 0.4140625 0.3375 0.053125 0.075
4 0.4578125 0.68125 0.0453125 0.075
4 0.73359375 0.4453125 0.04921875 0.06953125
4 0.5328125 0.28046875 0.04921875 0.09296875
4 0.6 0.26953125 0.04375 0.06171875
4 0.6046875 0.58046875 0.0234375 0.06171875
4 0.48203125 0.4515625 0.03359375 0.0515625
4 0.684375 0.54453125 0.0453125 0.071875
4 0.52421875 0.86171875 0.03046875 0.0375
4 0.5359375 0.48984375 0.05546875 0.08046875
4 0.5296875 0.1703125 0.0375 0.04921875
4 0.5015625 0.39296875 0.0390625 0.08203125
4 0.25703125 0.50546875 0.0484375 0.06328125
4 0.378125 0.29296875 0.034375 0.05625
4 0.62109375 0.54140625 0.028125 0.06953125
4 0.3703125 0.3453125 0.0265625 0.0328125
4 0.240625 0.571875 0.04375 0.065625
4 0.35 0.3328125 0.03515625 0.06328125
4 0.72421875 0.60625 0.04453125 0.059375
4 0.4515625 0.196875 0.0390625 0.03671875
4 0.44140625 0.62109375 0.0421875 0.05625
4 0.3140625 0.51875 0.0390625 0.08359375
4 0.4078125 0.28046875 0.03671875 0.046875
4 0.4984375 0.68125 0.03671875 0.05859375
4 0.5484375 0.6953125 0.06171875 0.090625
4 0.7390625 0.578125 0.0453125 0.05859375
4 0.39453125 0.16015625 0.03671875 0.053125