4 0.6171875 0.63046875 0.05625 0.0625
4 0.55625 0.671875 0.059375 0.06875
4 0.41171875 0.52578125 0.0703125 0.0921875
4 0.62265625 0.7390625 0.0578125 0.0765625
4 0.4109375 0.74453125 0.0625 0.078125
4 0.45625 0.55546875 0.059375 0.0796875
4 0.49375 0.49765625 0.0625 0.084375
4 0.62109375 0.48984375 0.0453125 0.0828125
4 0.48515625 0.3515625 0.0625 0.075
4 0.3859375 0.58046875 0.06875 0.0890625
4 0.5 0.24453125 0.065625 0.090625
4 0.4890625 0.7453125 0.0453125 0.0578125
4 0.46484375 0.8015625 0.0609375 0.0765625
4 0.3578125 0.8046875 0.065625 0.0875
4 0.4546875 0.4171875 0.0546875 0.0890625
4 0.47421875 0.59765625 0.065625 0.0828125
4 0.396875 0.8421875 0.05625 0.065625
4 0.50390625 0.85703125 0.0609375 0.0546875
4 0.65078125 0.63125 0.0453125 0.065625
4 0.63515625 0.78359375 0.04375 0.0578125
4 0.60234375 0.27890625 0.0390625 0.06875
4 0.37890625 0.68984375 0.0734375 0.0859375
4 0.68359375 0.4859375 0.0609375 0.084375
4 0.44765625 0.17734375 0.04375 0.0515625
4 0.4359375 0.215625 0.059375 0.0796875
4 0.6171875 0.41171875 0.046875 0.065625
4 0.44375 0.325 0.065625 0.0828125
4 0.42734375 0.67109375 0.0578125 0.08125
4 0.73984375 0.48671875 0.0609375 0.0765625
4 0.5703125 0.28984375 0.0640625 0.1
4 0.63828125 0.290625 0.053125 0.06875
4 0.5890625 0.59765625 0.034375 0.065625
4 0.490625 0.44921875 0.0421875 0.05625
4 0.67421875 0.57578125 0.0578125 0.078125
4 0.4609375 0.86015625 0.0359375 0.0421875
4 0.5375 0.49609375 0.06875 0.0890625
4 0.58671875 0.18046875 0.0453125 0.0546875
4 0.5203125 0.39453125 0.053125 0.0875
4 0.26015625 0.46328125 0.059375 0.0703125
4 0.415625 0.275 0.04375 0.0609375
4 0.61171875 0.56171875 0.0390625 0.0734375
4 0.39921875 0.325 0.03125 0.0375
4 0.23203125 0.52578125 0.0546875 0.071875
4 0.38125 0.309375 0.0453125 0.06875
4 0.70234375 0.64375 0.0546875 0.065625
4 0.5046875 0.19296875 0.0453125 0.0421875
4 0.42109375 0.609375 0.0515625 0.0625
4 0.31328125 0.4859375 0.053125 0.0890625
4 0.44765625 0.26796875 0.04375 0.053125
4 0.4671875 0.678125 0.046875 0.0640625
4 0.5140625 0.70078125 0.0765625 0.1
4 0.721875 0.61875 0.0546875 0.065625
4 0.45546875 0.146875 0.0453125 0.059375