4 0.340625 0.57421875 0.0578125 0.0640625
4 0.38125 0.6359375 0.0625 0.071875
4 0.571875 0.55859375 0.0734375 0.0953125
4 0.29375 0.671875 0.0609375 0.078125
4 0.48671875 0.76015625 0.065625 0.0796875
4 0.51875 0.56875 0.0625 0.08125
4 0.50625 0.5 0.065625 0.0859375
4 0.39296875 0.44296875 0.0484375 0.084375
4 0.571875 0.36875 0.0640625 0.078125
4 0.5734375 0.61875 0.071875 0.090625
4 0.6 0.26484375 0.06875 0.0921875
4 0.4140625 0.73046875 0.0484375 0.059375
4 0.4140625 0.79140625 0.0640625 0.078125
4 0.51171875 0.8359375 0.06875 0.0890625
4 0.5734375 0.44140625 0.059375 0.090625
4 0.4859375 0.6 0.06875 0.0859375
4 0.4609375 0.85546875 0.059375 0.0671875
4 0.35703125 0.82734375 0.0625 0.05625
4 0.31015625 0.56171875 0.0484375 0.0671875
4 0.26484375 0.70859375 0.046875 0.059375
4 0.4921875 0.25703125 0.0421875 0.06875
4 0.53671875 0.721875 0.0765625 0.0875
4 0.33671875 0.415625 0.0640625 0.0859375
4 0.67421875 0.2234375 0.046875 0.053125
4 0.6703125 0.26328125 0.0625 0.08125
4 0.4265625 0.3734375 0.0484375 0.065625
4 0.6203125 0.3609375 0.06875 0.084375
4 0.5 0.6859375 0.0609375 0.0828125
4 0.284375 0.39453125 0.0640625 0.078125
4 0.5171875 0.27890625 0.06875 0.1015625
4 0.4546875 0.253125 0.05625 0.0703125
4 0.3796875 0.5546875 0.0375 0.065625
4 0.528125 0.45703125 0.04375 0.0578125
4 0.31015625 0.5015625 0.0609375 0.0796875
4 0.3953125 0.846875 0.0375 0.04375
4 0.4671875 0.48203125 0.071875 0.090625
4 0.5453125 0.171875 0.046875 0.05625
4 0.52265625 0.3953125 0.05625 0.0890625
4 0.73515625 0.56015625 0.0609375 0.071875
4 0.665625 0.32578125 0.046875 0.0625
4 0.37265625 0.51328125 0.04375 0.0734375
4 0.6609375 0.378125 0.0328125 0.0375
4 0.73671875 0.628125 0.0578125 0.0734375
4 0.68359375 0.37109375 0.0484375 0.0703125
4 0.2578125 0.553125 0.05625 0.0671875
4 0.615625 0.215625 0.046875 0.0453125
4 0.5296875 0.63125 0.053125 0.0640625
4 0.67734375 0.56015625 0.05625 0.090625
4 0.6390625 0.30703125 0.046875 0.0546875
4 0.4609375 0.67734375 0.0484375 0.065625
4 0.40859375 0.6796875 0.08125 0.1015625
4 0.24921875 0.52265625 0.0578125 0.0671875
4 0.67890625 0.19296875 0.0484375 0.059375