2 0.6421875 0.2640625 0.40625 0.3953125
5 0.7484375 0.7171875 0.0734375 0.1125
4 0.56640625 0.7125 0.0546875 0.075
4 0.54765625 0.66796875 0.05 0.0625
4 0.4765625 0.7671875 0.0484375 0.065625
4 0.51640625 0.75390625 0.0484375 0.0640625
4 0.42890625 0.71328125 0.0375 0.05625
5 0.78671875 0.6546875 0.0734375 0.0921875
4 0.58828125 0.6171875 0.05625 0.0640625
5 0.71328125 0.66796875 0.0609375 0.0640625
5 0.746875 0.8 0.071875 0.090625
4 0.49609375 0.65859375 0.0484375 0.0609375
4 0.4765625 0.709375 0.0734375 0.071875
5 0.8296875 0.65078125 0.0421875 0.05625
4 0.5046875 0.7234375 0.040625 0.046875
5 0.646875 0.63515625 0.0421875 0.05
4 0.440625 0.6640625 0.046875 0.0546875
5 0.7953125 0.7296875 0.0265625 0.05625
5 0.81171875 0.69765625 0.0453125 0.059375
5 0.66484375 0.834375 0.0390625 0.053125
5 0.7546875 0.51640625 0.0703125 0.0859375
4 0.4625 0.64921875 0.028125 0.040625
5 0.70234375 0.734375 0.0546875 0.078125
5 0.66328125 0.67421875 0.0640625 0.090625
4 0.40234375 0.54765625 0.046875 0.046875