2 0.30859375 0.3015625 0.3796875 0.36875
5 0.30625 0.7671875 0.0640625 0.109375
4 0.48359375 0.721875 0.05 0.0703125
4 0.49140625 0.67421875 0.0453125 0.059375
4 0.5828125 0.7546875 0.04375 0.0625
4 0.54140625 0.75078125 0.04375 0.0609375
4 0.6171875 0.69140625 0.0328125 0.0546875
5 0.25546875 0.71484375 0.0671875 0.0875
4 0.440625 0.634375 0.0515625 0.0609375
5 0.3296875 0.71171875 0.05625 0.0609375
5 0.32734375 0.8484375 0.065625 0.0875
4 0.53984375 0.65390625 0.04375 0.0578125
4 0.5703125 0.6984375 0.06875 0.0671875
5 0.2125 0.72109375 0.0375 0.053125
4 0.54609375 0.71875 0.0375 0.04375
5 0.38671875 0.66484375 0.0390625 0.046875
4 0.59453125 0.646875 0.04375 0.0515625
5 0.2640625 0.78984375 0.021875 0.05625
5 0.240625 0.7625 0.040625 0.05625
5 0.41484375 0.86328125 0.0359375 0.05
5 0.25546875 0.5734375 0.0640625 0.08125
4 0.56953125 0.63671875 0.0265625 0.0375
5 0.35546875 0.77421875 0.05 0.075
5 0.3796875 0.70625 0.0578125 0.0875
4 0.60625 0.525 0.04375 0.04375