2 0.32265625 0.2890625 0.35625 0.34453125
5 0.28828125 0.753125 0.05703125 0.10546875
4 0.46796875 0.7203125 0.0453125 0.06796875
4 0.47890625 0.6734375 0.0421875 0.05625
4 0.56484375 0.76015625 0.03984375 0.059375
4 0.5234375 0.753125 0.0390625 0.05859375
4 0.60390625 0.69921875 0.0296875 0.05234375
5 0.24140625 0.69765625 0.06171875 0.0828125
4 0.43125 0.6296875 0.04765625 0.0578125
5 0.315625 0.69921875 0.05234375 0.05703125
5 0.303125 0.83515625 0.059375 0.0828125
4 0.52890625 0.65625 0.03984375 0.0546875
4 0.55625 0.703125 0.0640625 0.06328125
5 0.19765625 0.70078125 0.034375 0.0515625
4 0.53046875 0.72109375 0.034375 0.0421875
5 0.37578125 0.65625 0.0359375 0.04453125
4 0.584375 0.653125 0.03984375 0.04921875
5 0.24453125 0.77265625 0.01875 0.0546875
5 0.22265625 0.74375 0.0375 0.05390625
5 0.38984375 0.85625 0.03203125 0.0484375
5 0.25078125 0.55625 0.05859375 0.078125
4 0.56015625 0.64140625 0.0234375 0.03671875
5 0.33671875 0.76328125 0.04453125 0.071875
5 0.365625 0.69765625 0.0515625 0.084375
4 0.60390625 0.53203125 0.040625 0.04140625