2 0.26484375 0.3625 0.2375 0.3875
2 0.31484375 0.71015625 0.2296875 0.3546875
2 0.53984375 0.51640625 0.24375 0.3703125
2 0.6984375 0.6328125 0.2671875 0.3265625
2 0.53828125 0.2359375 0.275 0.3703125
2 0.7265625 0.4015625 0.2953125 0.41875
2 0.890625 0.4453125 0.1921875 0.375
2 0.68203125 0.10546875 0.2578125 0.2109375
2 0.8453125 0.17734375 0.259375 0.3546875
2 0.884375 0.121875 0.1328125 0.2265625
2 0.06328125 0.10625 0.1265625 0.09375
2 0.3453125 0.64921875 0.1046875 0.1515625
2 0.53046875 0.05859375 0.084375 0.0640625