2 0.7078125 0.3234375 0.178125 0.36171875
2 0.71875 0.675 0.17578125 0.3296875
2 0.46328125 0.5234375 0.1875 0.3421875
2 0.32734375 0.665625 0.21875 0.29375
2 0.41640625 0.246875 0.2203125 0.33671875
2 0.259375 0.4421875 0.23203125 0.38359375
2 0.10546875 0.5140625 0.1328125 0.3578125
2 0.24765625 0.11640625 0.2203125 0.2328125
2 0.1015625 0.23046875 0.20234375 0.35
2 0.05546875 0.19453125 0.096875 0.2125
2 0.8796875 0.034375 0.1546875 0.0671875
2 0.678125 0.6203125 0.08125 0.1390625
2 0.39296875 0.0703125 0.0765625 0.05234375