2 0.2671875 0.3578125 0.2328125 0.384375
2 0.3109375 0.70703125 0.225 0.353125
2 0.53984375 0.5171875 0.2390625 0.3671875
2 0.69609375 0.63671875 0.2625 0.325
2 0.54296875 0.23671875 0.2703125 0.3671875
2 0.72890625 0.40546875 0.2890625 0.415625
2 0.8921875 0.45234375 0.1875 0.3734375
2 0.68828125 0.10703125 0.2546875 0.2140625
2 0.85078125 0.1796875 0.2546875 0.359375
2 0.89140625 0.12890625 0.1296875 0.225
2 0.0671875 0.0984375 0.134375 0.090625
2 0.34296875 0.646875 0.1015625 0.15
2 0.53828125 0.05859375 0.084375 0.0640625