5 0.72578125 0.13046875 0.2078125 0.253125
5 0.43671875 0.25 0.11328125 0.325
5 0.13828125 0.1390625 0.10859375 0.25859375
5 0.83984375 0.84375 0.10546875 0.0484375
5 0.58671875 0.52890625 0.08046875 0.10078125
5 0.45625 0.61328125 0.08359375 0.0734375
5 0.6515625 0.76171875 0.0671875 0.084375
5 0.81953125 0.79296875 0.08046875 0.059375
5 0.38046875 0.65546875 0.08671875 0.06640625
5 0.7515625 0.6796875 0.071875 0.0640625
5 0.6234375 0.6140625 0.07578125 0.046875
5 0.3890625 0.70546875 0.0625 0.08359375
5 0.6703125 0.83046875 0.08515625 0.06640625
5 0.70390625 0.5859375 0.07890625 0.078125
5 0.49375 0.853125 0.059375 0.06953125
5 0.5390625 0.6375 0.059375 0.0859375
5 0.58203125 0.678125 0.071875 0.0890625
5 0.725 0.8328125 0.04765625 0.07265625
5 0.5484375 0.603125 0.06328125 0.05703125
5 0.47734375 0.71640625 0.13046875 0.08125
5 0.53671875 0.5578125 0.04375 0.04609375
5 0.86015625 0.62109375 0.2515625 0.40234375
5 0.5140625 0.1859375 0.21875 0.353125