5 0.1859375 0.2015625 0.265625 0.2984375
5 0.49609375 0.2421875 0.19375 0.34375
5 0.75625 0.0984375 0.171875 0.196875
5 0.2609375 0.9203125 0.1140625 0.0734375
5 0.4234375 0.55 0.103125 0.11875
5 0.571875 0.5984375 0.1 0.0921875
5 0.42109375 0.7921875 0.0875 0.0984375
5 0.2671875 0.865625 0.09375 0.078125
5 0.65546875 0.61953125 0.1015625 0.0859375
5 0.30390625 0.7390625 0.0859375 0.08125
5 0.41015625 0.6421875 0.0859375 0.065625
5 0.66015625 0.66953125 0.08125 0.096875
5 0.42109375 0.86328125 0.1 0.0859375
5 0.325 0.6359375 0.096875 0.0953125
5 0.59765625 0.83984375 0.075 0.0828125
5 0.49765625 0.64296875 0.0796875 0.0984375
5 0.4671875 0.69296875 0.0921875 0.1046875
5 0.36875 0.8796875 0.0640625 0.0828125
5 0.4796875 0.6125 0.0765625 0.071875
5 0.578125 0.703125 0.146875 0.1125
5 0.4796875 0.565625 0.0546875 0.05625
5 0.18359375 0.71015625 0.346875 0.453125
5 0.40546875 0.2 0.303125 0.3984375