5 0.75703125 0.1515625 0.2296875 0.2703125
5 0.45859375 0.2453125 0.140625 0.334375
5 0.1703125 0.12109375 0.13125 0.2421875
5 0.80859375 0.871875 0.109375 0.0578125
5 0.58359375 0.53671875 0.0890625 0.1078125
5 0.446875 0.609375 0.0890625 0.0796875
5 0.628125 0.77421875 0.075 0.090625
5 0.79296875 0.81953125 0.0859375 0.065625
5 0.3671875 0.64453125 0.0921875 0.0734375
5 0.73515625 0.70078125 0.0765625 0.0703125
5 0.61328125 0.62421875 0.0796875 0.053125
5 0.371875 0.6953125 0.0703125 0.0890625
5 0.640625 0.84375 0.090625 0.0734375
5 0.6953125 0.603125 0.0859375 0.084375
5 0.46328125 0.8515625 0.065625 0.075
5 0.5265625 0.640625 0.0671875 0.090625
5 0.56640625 0.684375 0.0796875 0.0953125
5 0.6953125 0.85078125 0.053125 0.0765625
5 0.5390625 0.60703125 0.06875 0.0625
5 0.45859375 0.71328125 0.1375 0.0921875
5 0.53125 0.5609375 0.046875 0.05
5 0.8484375 0.65234375 0.2859375 0.4234375
5 0.54140625 0.18828125 0.2484375 0.3703125