4 0.51015625 0.65078125 0.053125 0.11171875
5 0.55703125 0.36484375 0.13125 0.1859375
4 0.56796875 0.6453125 0.06953125 0.0625
4 0.48671875 0.5515625 0.0640625 0.096875
4 0.55625 0.70859375 0.0640625 0.06875
4 0.54296875 0.821875 0.0859375 0.07578125
5 0.69453125 0.34375 0.1109375 0.1140625
4 0.3171875 0.72421875 0.05234375 0.1015625
4 0.234375 0.453125 0.059375 0.06875
4 0.409375 0.740625 0.040625 0.04765625
4 0.23203125 0.6796875 0.0625 0.0984375
4 0.4703125 0.73125 0.03828125 0.053125
4 0.6421875 0.69140625 0.06953125 0.11015625
4 0.35078125 0.47421875 0.05703125 0.1
5 0.38203125 0.35 0.103125 0.13828125
4 0.46328125 0.82734375 0.065625 0.06328125
4 0.2390625 0.5671875 0.0578125 0.06640625
5 0.615625 0.26640625 0.1109375 0.15234375
5 0.29140625 0.346875 0.1109375 0.1578125
4 0.2046875 0.51015625 0.04375 0.06796875
4 0.71640625 0.51953125 0.07890625 0.07578125
4 0.265625 0.528125 0.040625 0.0484375
4 0.6140625 0.4734375 0.1046875 0.10390625
5 0.3578125 0.2390625 0.075 0.11953125
5 0.44453125 0.27421875 0.11875 0.13046875
5 0.51796875 0.4171875 0.0703125 0.09453125
5 0.55859375 0.75546875 0.13828125 0.0875
4 0.4859375 0.87890625 0.04609375 0.034375
5 0.4765625 0.22265625 0.07890625 0.08203125