4 0.4765625 0.64921875 0.0625 0.115625
5 0.4546875 0.36015625 0.146875 0.196875
4 0.41953125 0.6390625 0.075 0.06875
4 0.50859375 0.55234375 0.071875 0.1015625
4 0.42578125 0.703125 0.0703125 0.0734375
4 0.42890625 0.8171875 0.0921875 0.0828125
5 0.31953125 0.32734375 0.1203125 0.1234375
4 0.6625 0.7390625 0.0609375 0.10625
4 0.76875 0.4765625 0.065625 0.0734375
4 0.56953125 0.74765625 0.0453125 0.0515625
4 0.7515625 0.70234375 0.0703125 0.103125
4 0.509375 0.7328125 0.0421875 0.05625
4 0.34140625 0.678125 0.078125 0.115625
4 0.65078125 0.4875 0.065625 0.1046875
5 0.63046875 0.3609375 0.1140625 0.146875
4 0.5078125 0.8296875 0.0703125 0.06875
4 0.75390625 0.58984375 0.0640625 0.071875
5 0.40546875 0.25703125 0.1234375 0.1609375
5 0.72109375 0.365625 0.125 0.1671875
4 0.79296875 0.5359375 0.05 0.071875
4 0.2828125 0.50078125 0.0859375 0.0828125
4 0.73125 0.5484375 0.0453125 0.0515625
4 0.3890625 0.46328125 0.1140625 0.1125
5 0.6640625 0.25234375 0.084375 0.125
5 0.575 0.2796875 0.1296875 0.140625
5 0.4890625 0.415625 0.078125 0.1
5 0.41953125 0.74921875 0.1453125 0.1
4 0.48125 0.87890625 0.0484375 0.0375
5 0.54765625 0.22578125 0.0859375 0.0890625