4 0.5 0.65078125 0.0609375 0.115625
5 0.43359375 0.36953125 0.14375 0.1953125
4 0.4421875 0.65 0.0734375 0.0671875
4 0.5171875 0.55078125 0.0703125 0.1015625
4 0.45859375 0.71171875 0.06875 0.0734375
4 0.4796875 0.82421875 0.090625 0.08125
5 0.2953125 0.3578125 0.11875 0.121875
4 0.69765625 0.7109375 0.059375 0.1046875
4 0.76171875 0.434375 0.0640625 0.0734375
4 0.60703125 0.73359375 0.04375 0.05
4 0.7796875 0.6609375 0.06875 0.103125
4 0.54609375 0.72890625 0.0421875 0.05625
4 0.371875 0.70078125 0.0765625 0.1140625
4 0.646875 0.4640625 0.0640625 0.103125
5 0.60703125 0.3421875 0.1125 0.1453125
4 0.559375 0.82421875 0.0703125 0.0671875
4 0.76484375 0.5484375 0.0625 0.0703125
5 0.36875 0.275 0.121875 0.159375
5 0.69765625 0.3328125 0.121875 0.165625
4 0.7953125 0.48984375 0.0484375 0.0703125
4 0.28515625 0.534375 0.084375 0.08125
4 0.7359375 0.51171875 0.04375 0.0515625
4 0.384375 0.48125 0.1109375 0.1109375
5 0.6234375 0.2296875 0.0828125 0.125
5 0.53984375 0.27109375 0.128125 0.1390625
5 0.4765625 0.41875 0.0765625 0.0984375
5 0.459375 0.75859375 0.14375 0.096875
4 0.540625 0.87734375 0.0484375 0.0375
5 0.50390625 0.221875 0.084375 0.0875