5 0.42265625 0.78671875 0.2234375 0.0921875
5 0.47890625 0.5484375 0.2015625 0.1328125
5 0.5125 0.496875 0.2109375 0.128125
5 0.4734375 0.68671875 0.1140625 0.1203125
5 0.61640625 0.778125 0.1859375 0.0828125
5 0.7328125 0.4921875 0.1015625 0.1765625
5 0.5875 0.628125 0.209375 0.15625
5 0.31953125 0.7671875 0.215625 0.115625
5 0.81640625 0.465625 0.1015625 0.1703125
5 0.5796875 0.7265625 0.2234375 0.1125
5 0.284375 0.640625 0.1984375 0.103125
5 0.696875 0.58671875 0.0875 0.1
5 0.2640625 0.51171875 0.15625 0.1453125
5 0.18203125 0.6953125 0.115625 0.1046875
5 0.6515625 0.4453125 0.059375 0.0625
5 0.34296875 0.584375 0.1453125 0.075
5 0.34921875 0.5 0.0515625 0.0484375
5 0.253125 0.74453125 0.0671875 0.0390625
5 0.8078125 0.63125 0.0890625 0.1078125
5 0.19375 0.621875 0.1359375 0.0796875
5 0.2640625 0.46484375 0.159375 0.0796875
5 0.39609375 0.43046875 0.1875 0.1125
5 0.51015625 0.43125 0.184375 0.075
5 0.64765625 0.5765625 0.140625 0.1015625
5 0.72265625 0.72109375 0.1140625 0.084375