5 0.571875 0.7875 0.2234375 0.0953125
5 0.5203125 0.5484375 0.203125 0.1359375
5 0.4875 0.496875 0.2109375 0.13125
5 0.5234375 0.68671875 0.115625 0.121875
5 0.37890625 0.77578125 0.1859375 0.0859375
5 0.2671875 0.48828125 0.103125 0.1765625
5 0.41015625 0.6265625 0.2109375 0.159375
5 0.67578125 0.7703125 0.2171875 0.11875
5 0.184375 0.46015625 0.103125 0.171875
5 0.41640625 0.725 0.225 0.115625
5 0.71328125 0.64375 0.2 0.10625
5 0.3015625 0.5828125 0.0890625 0.1
5 0.7359375 0.515625 0.1578125 0.146875
5 0.8140625 0.70078125 0.1171875 0.10625
5 0.34921875 0.44296875 0.0609375 0.0640625
5 0.65546875 0.58671875 0.1453125 0.078125
5 0.65078125 0.503125 0.0515625 0.0484375
5 0.7421875 0.7484375 0.0671875 0.0390625
5 0.18984375 0.62578125 0.090625 0.109375
5 0.80390625 0.62734375 0.1375 0.08125
5 0.73671875 0.46875 0.1609375 0.08125
5 0.6046875 0.43203125 0.1890625 0.115625
5 0.49140625 0.43125 0.184375 0.078125
5 0.35078125 0.5734375 0.140625 0.1046875
5 0.2734375 0.7171875 0.1140625 0.0859375