5 0.62578125 0.76875 0.21640625 0.05546875
5 0.52890625 0.54375 0.1875 0.1015625
5 0.4875 0.49921875 0.196875 0.09609375
5 0.55859375 0.67890625 0.09765625 0.10546875
5 0.43359375 0.79375 0.1796875 0.05234375
5 0.26953125 0.5328125 0.0734375 0.165625
5 0.4359375 0.64140625 0.190625 0.12578125
5 0.72421875 0.73203125 0.20546875 0.08046875
5 0.1828125 0.52109375 0.07421875 0.16015625
5 0.4609375 0.73671875 0.2140625 0.07578125
5 0.73671875 0.60078125 0.1890625 0.071875
5 0.32109375 0.61953125 0.0734375 0.08828125
5 0.734375 0.4703125 0.1375 0.1234375
5 0.846875 0.6375 0.1015625 0.08828125
5 0.34140625 0.47265625 0.05078125 0.0546875
5 0.66953125 0.55546875 0.13828125 0.05234375
5 0.6484375 0.47421875 0.04453125 0.04140625
5 0.78515625 0.69765625 0.06328125 0.028125
5 0.21953125 0.6828125 0.0734375 0.096875
5 0.82265625 0.5671875 0.128125 0.0578125
5 0.7265625 0.42421875 0.153125 0.053125
5 0.58984375 0.41328125 0.1765625 0.0828125
5 0.478125 0.434375 0.17890625 0.0453125
5 0.36796875 0.60078125 0.128125 0.08125
5 0.31875 0.75625 0.103125 0.06796875