5 0.51796875 0.51875 0.1 0.1125
5 0.4359375 0.5859375 0.053125 0.096875
5 0.6375 0.528125 0.0515625 0.084375
5 0.4625 0.50546875 0.053125 0.0796875
5 0.68359375 0.49375 0.0546875 0.075
5 0.58359375 0.48359375 0.05625 0.065625
5 0.5765625 0.396875 0.1296875 0.1015625
5 0.51796875 0.43671875 0.0375 0.0578125
5 0.340625 0.453125 0.09375 0.1359375
5 0.4203125 0.47890625 0.0328125 0.0546875
5 0.6984375 0.39140625 0.090625 0.1265625
5 0.51015625 0.61640625 0.146875 0.1234375
5 0.66875 0.54375 0.0296875 0.0484375
5 0.3765625 0.58828125 0.0953125 0.1015625
5 0.63828125 0.33046875 0.0515625 0.065625
5 0.32421875 0.40390625 0.08125 0.08125
5 0.65078125 0.59140625 0.0359375 0.05
5 0.5515625 0.45078125 0.0375 0.046875
5 0.6015625 0.35 0.059375 0.0546875
5 0.48984375 0.39140625 0.0609375 0.1046875
5 0.71015625 0.53828125 0.0859375 0.1484375
5 0.6828125 0.28046875 0.0578125 0.08125
5 0.42421875 0.39296875 0.078125 0.1
5 0.52421875 0.37265625 0.0296875 0.05
5 0.4484375 0.303125 0.0671875 0.0546875
5 0.3703125 0.284375 0.0953125 0.1625
5 0.296875 0.32734375 0.0703125 0.1140625
5 0.59765625 0.0671875 0.1484375 0.1328125
5 0.44140625 0.334375 0.0984375 0.0609375
5 0.75390625 0.2 0.1046875 0.15
5 0.5375 0.2796875 0.084375 0.103125
5 0.47109375 0.08046875 0.0875 0.0875
5 0.834375 0.45390625 0.0625 0.1640625
2 0.21328125 0.0890625 0.3484375 0.178125