5 0.51953125 0.5171875 0.0890625 0.103125
5 0.4453125 0.5921875 0.04296875 0.09296875
5 0.63984375 0.51328125 0.04296875 0.08046875
5 0.46328125 0.509375 0.04609375 0.07578125
5 0.68203125 0.47421875 0.04765625 0.07109375
5 0.58125 0.475 0.05 0.0609375
5 0.565625 0.3890625 0.1203125 0.08984375
5 0.5109375 0.43515625 0.03125 0.05546875
5 0.33671875 0.4703125 0.08125 0.128125
5 0.41875 0.4875 0.02734375 0.05234375
5 0.6859375 0.37109375 0.078125 0.11953125
5 0.52265625 0.61484375 0.1359375 0.109375
5 0.67265625 0.52578125 0.02421875 0.046875
5 0.38671875 0.60078125 0.0859375 0.09375
5 0.61953125 0.3171875 0.04609375 0.06171875
5 0.31484375 0.42265625 0.07421875 0.07421875
5 0.659375 0.575 0.03125 0.046875
5 0.54609375 0.4453125 0.03359375 0.04296875
5 0.58515625 0.33984375 0.0546875 0.04921875
5 0.47890625 0.39296875 0.05078125 0.1
5 0.71328125 0.51640625 0.07109375 0.1421875
5 0.65859375 0.2625 0.05 0.0765625
5 0.41328125 0.4015625 0.06953125 0.09296875
5 0.5109375 0.37109375 0.025 0.046875
5 0.428125 0.309375 0.06328125 0.04765625
5 0.3484375 0.29921875 0.07890625 0.15546875
5 0.2796875 0.34921875 0.059375 0.10859375
5 0.5515625 0.059375 0.13671875 0.11875
5 0.42421875 0.34140625 0.09296875 0.0515625
5 0.72109375 0.175 0.090625 0.140625
5 0.5140625 0.27734375 0.075 0.0953125
5 0.42734375 0.0859375 0.07890625 0.08046875
5 0.828125 0.41953125 0.04609375 0.159375
5 0.12421875 0.01953125 0.028125 0.03828125
2 0.16953125 0.096875 0.33046875 0.19375