5 0.48515625 0.52109375 0.1109375 0.121875
5 0.575 0.5765625 0.0640625 0.1
5 0.3671875 0.546875 0.0609375 0.0890625
5 0.53828125 0.5 0.0625 0.084375
5 0.3171875 0.51875 0.0640625 0.08125
5 0.41484375 0.4953125 0.0625 0.071875
5 0.409375 0.40859375 0.1390625 0.115625
5 0.4734375 0.43984375 0.04375 0.0609375
5 0.6515625 0.43203125 0.109375 0.14375
5 0.57578125 0.46796875 0.0390625 0.0578125
5 0.28828125 0.41953125 0.1046875 0.134375
5 0.50546875 0.6171875 0.1578125 0.1390625
5 0.3390625 0.56640625 0.034375 0.0515625
5 0.634375 0.5703125 0.10625 0.1125
5 0.33984375 0.3515625 0.059375 0.0703125
5 0.6609375 0.38046875 0.090625 0.090625
5 0.36328125 0.61171875 0.0421875 0.053125
5 0.4421875 0.4578125 0.04375 0.05
5 0.37890625 0.36484375 0.065625 0.0609375
5 0.49453125 0.39140625 0.0734375 0.109375
5 0.296875 0.5671875 0.103125 0.1546875
5 0.28828125 0.3078125 0.0671875 0.0859375
5 0.56015625 0.38359375 0.090625 0.10625
5 0.4578125 0.37734375 0.0359375 0.0515625
5 0.5234375 0.29765625 0.0734375 0.0609375
5 0.5984375 0.26875 0.1140625 0.1703125
5 0.67734375 0.30078125 0.084375 0.1203125
5 0.34375 0.08515625 0.1609375 0.1484375
5 0.53515625 0.328125 0.103125 0.071875
5 0.20703125 0.23828125 0.121875 0.1578125
5 0.4328125 0.2875 0.0953125 0.1109375
5 0.4703125 0.08046875 0.0953125 0.096875
5 0.1625 0.5015625 0.0828125 0.165625
2 0.72265625 0.08125 0.3671875 0.1625