3 0.75625 0.721875 0.2296875 0.2515625
3 0.56640625 0.43046875 0.1890625 0.2578125
3 0.27578125 0.67421875 0.165625 0.20625
3 0.50078125 0.175 0.1953125 0.328125
3 0.54609375 0.8046875 0.25625 0.2421875
3 0.32265625 0.46640625 0.2265625 0.28125
3 0.4328125 0.43359375 0.1484375 0.225
3 0.64140625 0.325 0.1453125 0.15625
3 0.7265625 0.565625 0.11875 0.159375
3 0.72578125 0.4421875 0.1671875 0.18125
3 0.60625 0.690625 0.15 0.146875
3 0.515625 0.66015625 0.134375 0.1578125
3 0.59375 0.5984375 0.14375 0.10625
3 0.37265625 0.7046875 0.2109375 0.3015625
3 0.6125 0.54375 0.1 0.115625