3 0.80703125 0.6421875 0.209375 0.2359375
3 0.54453125 0.41484375 0.1671875 0.246875
3 0.3328125 0.7296875 0.1484375 0.1953125
3 0.41171875 0.18671875 0.165625 0.31875
3 0.628125 0.78046875 0.2390625 0.221875
3 0.3203125 0.51640625 0.203125 0.265625
3 0.4171875 0.4546875 0.1296875 0.215625
3 0.5875 0.29296875 0.1328125 0.1453125
3 0.7359375 0.50078125 0.1046875 0.1515625
3 0.7015625 0.38203125 0.1515625 0.16875
3 0.6546875 0.65390625 0.1390625 0.134375
3 0.559375 0.64921875 0.1203125 0.1484375
3 0.6171875 0.56875 0.1375 0.09375
3 0.434375 0.73125 0.184375 0.2875
3 0.6203125 0.5109375 0.090625 0.1078125