3 0.20625 0.66875 0.190625 0.21953125
3 0.4484375 0.41875 0.14765625 0.234375
3 0.68671875 0.7140625 0.13203125 0.18515625
3 0.5609375 0.18046875 0.13984375 0.3078125
3 0.396875 0.790625 0.221875 0.203125
3 0.68046875 0.50078125 0.18203125 0.25078125
3 0.57890625 0.44765625 0.11171875 0.20703125
3 0.39453125 0.3015625 0.121875 0.1359375
3 0.26484375 0.52109375 0.0921875 0.14453125
3 0.2890625 0.4 0.1390625 0.15703125
3 0.359375 0.6671875 0.128125 0.12421875
3 0.45390625 0.65390625 0.109375 0.1390625
3 0.3890625 0.57890625 0.13046875 0.0828125
3 0.5859375 0.725 0.16171875 0.275
3 0.38125 0.52109375 0.0828125 0.1015625