5 0.3703125 0.6859375 0.1359375 0.1703125
5 0.240625 0.48828125 0.13125 0.1734375
5 0.33984375 0.56796875 0.16875 0.134375
5 0.50234375 0.79296875 0.1390625 0.1125
5 0.459375 0.88515625 0.134375 0.11875
5 0.728125 0.7734375 0.140625 0.1453125
5 0.8390625 0.46953125 0.084375 0.0890625
5 0.6703125 0.67890625 0.1203125 0.11875
5 0.63671875 0.10625 0.1171875 0.096875
5 0.61328125 0.4671875 0.1015625 0.1046875
5 0.50390625 0.49375 0.09375 0.0765625
5 0.184375 0.5390625 0.0984375 0.1421875
5 0.16953125 0.70859375 0.10625 0.1265625
5 0.7484375 0.6078125 0.140625 0.1453125
5 0.60625 0.6984375 0.109375 0.1125
5 0.25703125 0.68828125 0.109375 0.140625
5 0.565625 0.61484375 0.121875 0.0828125
5 0.428125 0.0984375 0.1234375 0.1265625
5 0.4234375 0.8515625 0.0765625 0.0734375
5 0.67890625 0.53828125 0.053125 0.05625
5 0.88828125 0.4953125 0.0609375 0.071875
5 0.646875 0.2671875 0.209375 0.2234375
5 0.68984375 0.17265625 0.0859375 0.071875
5 0.1203125 0.6140625 0.053125 0.0609375
5 0.67421875 0.81015625 0.0859375 0.09375
5 0.63203125 0.6375 0.084375 0.075
5 0.2234375 0.21953125 0.1171875 0.1328125
5 0.134375 0.56875 0.0953125 0.134375
5 0.12109375 0.41328125 0.14375 0.1765625
5 0.6625 0.871875 0.115625 0.1265625
5 0.3703125 0.8390625 0.1 0.09375
5 0.08671875 0.4640625 0.06875 0.090625
5 0.5734375 0.225 0.1015625 0.096875
5 0.75 0.7125 0.0703125 0.0875
5 0.50546875 0.68984375 0.084375 0.090625
5 0.1828125 0.30625 0.1046875 0.0953125
5 0.60078125 0.79140625 0.075 0.0796875
5 0.36796875 0.2703125 0.1265625 0.1203125
5 0.45 0.1953125 0.109375 0.090625
5 0.6671875 0.40234375 0.10625 0.121875
5 0.746875 0.39765625 0.10625 0.1265625
5 0.29921875 0.43984375 0.1046875 0.140625
5 0.5953125 0.16875 0.121875 0.0859375
5 0.86796875 0.65 0.053125 0.0796875
5 0.715625 0.628125 0.0796875 0.0890625
5 0.1078125 0.3203125 0.0578125 0.0765625
5 0.8171875 0.70078125 0.0703125 0.0828125
5 0.48203125 0.640625 0.0421875 0.0421875
5 0.2453125 0.6234375 0.065625 0.0484375
5 0.38046875 0.3515625 0.04375 0.0484375