5 0.3671875 0.68359375 0.134375 0.16875
5 0.240625 0.484375 0.128125 0.171875
5 0.3390625 0.56484375 0.1671875 0.13125
5 0.496875 0.79296875 0.1375 0.1109375
5 0.45234375 0.884375 0.1328125 0.1171875
5 0.7234375 0.77734375 0.1375 0.1421875
5 0.83984375 0.475 0.0828125 0.0875
5 0.6671875 0.68203125 0.11875 0.1171875
5 0.64375 0.10859375 0.115625 0.0953125
5 0.6140625 0.46953125 0.1 0.103125
5 0.50390625 0.49375 0.0921875 0.0765625
5 0.18359375 0.53359375 0.096875 0.140625
5 0.16640625 0.703125 0.1046875 0.125
5 0.746875 0.6125 0.1375 0.14375
5 0.603125 0.70078125 0.1078125 0.1109375
5 0.25390625 0.68359375 0.1078125 0.1390625
5 0.56328125 0.615625 0.1203125 0.08125
5 0.43515625 0.09765625 0.121875 0.125
5 0.4171875 0.85078125 0.0765625 0.071875
5 0.678125 0.540625 0.053125 0.05625
5 0.88828125 0.50234375 0.059375 0.0703125
5 0.65078125 0.26953125 0.20625 0.2203125
5 0.6953125 0.1765625 0.084375 0.071875
5 0.11875 0.6078125 0.0515625 0.059375
5 0.66875 0.81328125 0.084375 0.0921875
5 0.6296875 0.63984375 0.0828125 0.0734375
5 0.228125 0.2140625 0.1140625 0.13125
5 0.13359375 0.56171875 0.09375 0.1328125
5 0.12265625 0.40703125 0.140625 0.175
5 0.65546875 0.875 0.1140625 0.125
5 0.3640625 0.83671875 0.0984375 0.0921875
5 0.0875 0.45703125 0.0671875 0.0890625
5 0.578125 0.2265625 0.1 0.0953125
5 0.74609375 0.7171875 0.06875 0.0875
5 0.5015625 0.68984375 0.0828125 0.0890625
5 0.1859375 0.30078125 0.103125 0.09375
5 0.59609375 0.79296875 0.0734375 0.0796875
5 0.371875 0.26875 0.125 0.11875
5 0.45546875 0.19453125 0.1078125 0.0890625
5 0.66953125 0.40546875 0.1046875 0.1203125
5 0.74921875 0.40234375 0.103125 0.125
5 0.3 0.4359375 0.103125 0.140625
5 0.6015625 0.1703125 0.1203125 0.084375
5 0.86484375 0.65625 0.0515625 0.078125
5 0.71328125 0.63125 0.078125 0.0875
5 0.1109375 0.3140625 0.0578125 0.0765625
5 0.8140625 0.70625 0.06875 0.0828125
5 0.4796875 0.640625 0.040625 0.0421875
5 0.24296875 0.61875 0.065625 0.046875
5 0.3828125 0.35 0.04375 0.0484375