5 0.3484375 0.66875 0.11796875 0.1578125
5 0.24375 0.45703125 0.11171875 0.16171875
5 0.3328125 0.54765625 0.15546875 0.11640625
5 0.46640625 0.79140625 0.12734375 0.0984375
5 0.4125 0.87734375 0.12265625 0.1046875
5 0.69296875 0.79921875 0.125 0.13046875
5 0.840625 0.5109375 0.075 0.08046875
5 0.646875 0.6984375 0.10859375 0.10703125
5 0.68359375 0.12578125 0.10703125 0.08515625
5 0.61640625 0.48125 0.090625 0.09375
5 0.5046875 0.49453125 0.0859375 0.0671875
5 0.18203125 0.5 0.08359375 0.1328125
5 0.146875 0.6671875 0.09296875 0.115625
5 0.73359375 0.6375 0.125 0.13125
5 0.58125 0.71015625 0.09765625 0.10078125
5 0.2359375 0.65703125 0.09453125 0.1296875
5 0.55078125 0.621875 0.1140625 0.06953125
5 0.47734375 0.09296875 0.1109375 0.1140625
5 0.38125 0.83984375 0.06953125 0.06484375
5 0.67265625 0.559375 0.04765625 0.0515625
5 0.8859375 0.54296875 0.053125 0.065625
5 0.67421875 0.28671875 0.18671875 0.20234375
5 0.728125 0.1984375 0.078125 0.06328125
5 0.109375 0.5671875 0.04609375 0.05546875
5 0.63515625 0.82890625 0.07578125 0.08515625
5 0.6140625 0.65234375 0.0765625 0.06640625
5 0.259375 0.1875 0.10234375 0.121875
5 0.12890625 0.5234375 0.08046875 0.125
5 0.134375 0.36796875 0.12421875 0.16328125
5 0.615625 0.8890625 0.10234375 0.115625
5 0.3296875 0.8203125 0.090625 0.0828125
5 0.09453125 0.4140625 0.05859375 0.08359375
5 0.60625 0.2359375 0.09140625 0.0859375
5 0.721875 0.74140625 0.0609375 0.08125
5 0.48203125 0.6890625 0.075 0.08203125
5 0.20859375 0.26875 0.0953125 0.084375
5 0.56484375 0.8015625 0.06640625 0.07265625
5 0.396875 0.25625 0.11484375 0.10703125
5 0.4875 0.19140625 0.1 0.0796875
5 0.678125 0.4234375 0.09375 0.11171875
5 0.7578125 0.42890625 0.0921875 0.11640625
5 0.3078125 0.415625 0.08984375 0.13125
5 0.63515625 0.1828125 0.11328125 0.0734375
5 0.846875 0.69375 0.04453125 0.07421875
5 0.6984375 0.653125 0.0703125 0.08046875
5 0.1328125 0.27421875 0.05 0.07109375
5 0.790625 0.73828125 0.06171875 0.0765625
5 0.46484375 0.6375 0.0375 0.03828125
5 0.23203125 0.59140625 0.06171875 0.040625
5 0.39921875 0.33828125 0.0390625 0.04453125