5 0.3109375 0.31015625 0.0875 0.1
5 0.3109375 0.3828125 0.090625 0.1453125
5 0.23828125 0.4328125 0.078125 0.11875
5 0.26640625 0.83046875 0.0875 0.2734375
5 0.3546875 0.78203125 0.125 0.39375
5 0.4140625 0.12890625 0.0703125 0.14375
5 0.47734375 0.25625 0.0921875 0.1046875
5 0.0265625 0.81953125 0.053125 0.1734375
5 0.2046875 0.35390625 0.08125 0.140625
5 0.45859375 0.1484375 0.075 0.1421875
5 0.36875 0.36328125 0.1078125 0.1765625
5 0.434375 0.27421875 0.0515625 0.0640625
5 0.2765625 0.1515625 0.0890625 0.15625
5 0.340625 0.17109375 0.078125 0.125
5 0.2453125 0.121875 0.0421875 0.071875
5 0.02578125 0.60078125 0.0515625 0.0703125
5 0.446875 0.38671875 0.115625 0.203125
5 0.28125 0.509375 0.0375 0.0609375
5 0.234375 0.546875 0.0859375 0.1203125