5 0.28125 0.34609375 0.0765625 0.090625
5 0.29375 0.41796875 0.071875 0.1375
5 0.23046875 0.47890625 0.0640625 0.1109375
5 0.32734375 0.865625 0.0515625 0.26875
5 0.40625 0.803125 0.071875 0.3890625
5 0.35078125 0.14921875 0.0515625 0.1390625
5 0.43515625 0.26328125 0.08125 0.09375
5 0.05859375 0.903125 0.0953125 0.1625
5 0.18359375 0.40703125 0.0640625 0.1328125
5 0.39765625 0.1609375 0.0578125 0.1375
5 0.346875 0.3875 0.0859375 0.1671875
5 0.39609375 0.2890625 0.04375 0.0578125
5 0.21953125 0.1953125 0.06875 0.15
5 0.2859375 0.20390625 0.0625 0.1171875
5 0.18359375 0.171875 0.034375 0.0671875
5 0.04765625 0.6828125 0.0515625 0.0640625
5 0.428125 0.39765625 0.090625 0.19375
5 0.2859375 0.54765625 0.0296875 0.0578125
5 0.246875 0.5921875 0.0703125 0.1125