5 0.28359375 0.3421875 0.075 0.08984375
5 0.2953125 0.4140625 0.06953125 0.13671875
5 0.23125 0.47421875 0.06171875 0.11015625
5 0.32109375 0.86328125 0.04609375 0.2703125
5 0.40078125 0.8015625 0.065625 0.38828125
5 0.35703125 0.146875 0.04921875 0.13828125
5 0.4390625 0.2625 0.07890625 0.09296875
5 0.0515625 0.8953125 0.0921875 0.1609375
5 0.18515625 0.4015625 0.06171875 0.13203125
5 0.40390625 0.159375 0.0546875 0.1359375
5 0.34921875 0.38515625 0.08359375 0.165625
5 0.4 0.2875 0.04296875 0.0578125
5 0.225 0.190625 0.06640625 0.1484375
5 0.29140625 0.2 0.06015625 0.11640625
5 0.1890625 0.16640625 0.0328125 0.0671875
5 0.04453125 0.675 0.05 0.0625
5 0.4296875 0.39609375 0.08671875 0.1921875
5 0.28515625 0.54375 0.02890625 0.0578125
5 0.2453125 0.5875 0.06875 0.1109375