5 0.16484375 0.51328125 0.10703125 0.12421875
5 0.27265625 0.4890625 0.1234375 0.13359375
5 0.45234375 0.6546875 0.125 0.12734375
5 0.684375 0.53828125 0.125 0.12890625
5 0.31328125 0.65546875 0.12265625 0.09296875
5 0.7609375 0.6109375 0.06953125 0.07734375
5 0.503125 0.3453125 0.09140625 0.1296875
5 0.5203125 0.55 0.096875 0.175
5 0.575 0.42421875 0.109375 0.1328125
5 0.41640625 0.33984375 0.103125 0.13125
5 0.59609375 0.5125 0.07421875 0.08046875
5 0.56171875 0.66640625 0.0984375 0.090625
5 0.778125 0.53828125 0.0859375 0.08515625
5 0.428125 0.4984375 0.0796875 0.07734375
5 0.76328125 0.4609375 0.06015625 0.0859375
5 0.5984375 0.58125 0.07578125 0.071875
5 0.58359375 0.3234375 0.0671875 0.08125
5 0.31875 0.328125 0.0609375 0.07890625
5 0.39609375 0.63046875 0.05078125 0.0921875
5 0.43203125 0.4359375 0.09453125 0.08203125
5 0.33046875 0.3984375 0.0890625 0.11015625
5 0.44375 0.56796875 0.05703125 0.065625
5 0.37890625 0.23203125 0.07734375 0.075
5 0.6515625 0.3734375 0.05625 0.0734375
5 0.49921875 0.46328125 0.04921875 0.08984375
5 0.3734375 0.540625 0.0703125 0.09140625
5 0.328125 0.60625 0.06015625 0.04765625
5 0.69375 0.4421875 0.03828125 0.06953125