5 0.171875 0.57109375 0.1265625 0.140625
5 0.27421875 0.52890625 0.1453125 0.153125
5 0.4796875 0.6609375 0.1453125 0.146875
5 0.68828125 0.50546875 0.1453125 0.1484375
5 0.34296875 0.68515625 0.1375 0.1125
5 0.7765625 0.5640625 0.08125 0.0875
5 0.4765625 0.346875 0.1125 0.14375
5 0.52890625 0.54609375 0.1265625 0.1890625
5 0.5609375 0.4125 0.13125 0.15
5 0.38984375 0.35703125 0.125 0.146875
5 0.596875 0.4953125 0.0875 0.0921875
5 0.58984375 0.653125 0.1125 0.10625
5 0.78046875 0.4890625 0.1 0.0984375
5 0.42890625 0.5109375 0.0921875 0.090625
5 0.75234375 0.415625 0.0734375 0.0953125
5 0.6109375 0.56328125 0.0875 0.084375
5 0.5515625 0.31171875 0.0796875 0.0921875
5 0.29140625 0.3625 0.0734375 0.0890625
5 0.4203125 0.646875 0.065625 0.1
5 0.421875 0.4484375 0.1078125 0.096875
5 0.315625 0.4296875 0.10625 0.1234375
5 0.45625 0.5765625 0.0671875 0.075
5 0.334375 0.25703125 0.0890625 0.0875
5 0.62734375 0.34921875 0.06875 0.0828125
5 0.49296875 0.4640625 0.0640625 0.096875
5 0.38203125 0.56171875 0.084375 0.1015625
5 0.34921875 0.634375 0.0671875 0.0578125
5 0.68046875 0.409375 0.05 0.075