5 0.175 0.5828125 0.13125 0.14375
5 0.275 0.53671875 0.1484375 0.15625
5 0.48515625 0.6609375 0.1484375 0.15
5 0.68828125 0.49921875 0.1484375 0.1515625
5 0.35 0.690625 0.1390625 0.1171875
5 0.778125 0.55390625 0.084375 0.090625
5 0.47109375 0.34765625 0.115625 0.1453125
5 0.53046875 0.54453125 0.13125 0.190625
5 0.5578125 0.41015625 0.134375 0.153125
5 0.38515625 0.3609375 0.128125 0.15
5 0.596875 0.4921875 0.0890625 0.09375
5 0.5953125 0.65 0.115625 0.109375
5 0.7796875 0.4796875 0.1015625 0.1015625
5 0.4296875 0.51328125 0.09375 0.0921875
5 0.74921875 0.40703125 0.0765625 0.096875
5 0.61328125 0.559375 0.0890625 0.0859375
5 0.5453125 0.31015625 0.0828125 0.09375
5 0.28671875 0.36953125 0.0765625 0.090625
5 0.42578125 0.64921875 0.06875 0.1
5 0.4203125 0.4515625 0.109375 0.1
5 0.31328125 0.4359375 0.109375 0.1265625
5 0.459375 0.578125 0.06875 0.0765625
5 0.32578125 0.26328125 0.090625 0.0890625
5 0.621875 0.34453125 0.0703125 0.0828125
5 0.49140625 0.4640625 0.0671875 0.0984375
5 0.384375 0.56640625 0.0875 0.1046875
5 0.35390625 0.63984375 0.06875 0.059375
5 0.67734375 0.403125 0.0515625 0.0765625