5 0.42265625 0.69453125 0.2171875 0.2625
3 0.4859375 0.48125 0.6015625 0.565625
5 0.6953125 0.25703125 0.1 0.24375
5 0.7359375 0.0921875 0.128125 0.153125
5 0.265625 0.09921875 0.075 0.125
5 0.1796875 0.10546875 0.1390625 0.11875
3 0.23828125 0.50703125 0.175 0.2453125
5 0.77109375 0.20625 0.128125 0.0671875
5 0.46484375 0.57421875 0.215625 0.2140625
5 0.41953125 0.53828125 0.10625 0.1046875
5 0.865625 0.3328125 0.0875 0.25
5 0.69296875 0.32578125 0.04375 0.109375
5 0.29140625 0.071875 0.1 0.090625
5 0.28203125 0.05234375 0.0515625 0.040625
5 0.18125 0.0765625 0.0765625 0.0515625
5 0.14453125 0.69140625 0.021875 0.0390625