5 0.38359375 0.67421875 0.17265625 0.23203125
3 0.48984375 0.47890625 0.51484375 0.46953125
5 0.74140625 0.303125 0.05234375 0.23828125
5 0.815625 0.15 0.103125 0.134375
5 0.35390625 0.059375 0.05234375 0.1171875
5 0.26875 0.04765625 0.12265625 0.0953125
3 0.2421875 0.45234375 0.13203125 0.2234375
5 0.8265625 0.26875 0.121875 0.0421875
5 0.45 0.565625 0.18203125 0.18046875
5 0.41328125 0.52109375 0.090625 0.08828125
5 0.8921875 0.4125 0.0375 0.24765625
5 0.725 0.36953125 0.02265625 0.10703125
5 0.38515625 0.03828125 0.0859375 0.075
5 0.3796875 0.01640625 0.0453125 0.03203125
5 0.2765625 0.01953125 0.07109375 0.0375
5 0.1125 0.61328125 0.01484375 0.03671875