5 0.65546875 0.640625 0.2234375 0.2671875
3 0.5046875 0.47734375 0.6125 0.5796875
5 0.21796875 0.3671875 0.1078125 0.24375
5 0.109375 0.23671875 0.1328125 0.1546875
5 0.53515625 0.05 0.0796875 0.1
5 0.61484375 0.0328125 0.1421875 0.065625
3 0.73828125 0.39140625 0.1828125 0.2484375
5 0.12734375 0.3546875 0.128125 0.0703125
5 0.5640625 0.5515625 0.2203125 0.21875
5 0.5890625 0.49921875 0.109375 0.1078125
5 0.0984375 0.51015625 0.096875 0.25
5 0.25 0.428125 0.0484375 0.109375
5 0.49921875 0.03515625 0.1015625 0.0703125
5 0.49921875 0.0109375 0.0515625 0.021875
5 0.903125 0.51640625 0.0234375 0.0390625