5 0.628125 0.6046875 0.0484375 0.03984375
5 0.1671875 0.48828125 0.0484375 0.0359375
5 0.540625 0.60234375 0.05078125 0.040625
5 0.621875 0.56953125 0.03828125 0.0328125
5 0.465625 0.7640625 0.046875 0.0375
5 0.484375 0.42734375 0.03984375 0.03828125
5 0.528125 0.784375 0.05 0.04140625
5 0.60625 0.43203125 0.03828125 0.03359375
5 0.59453125 0.6625 0.046875 0.0421875
5 0.390625 0.6234375 0.05078125 0.04140625
5 0.1875 0.6140625 0.04765625 0.03671875
5 0.28125 0.43359375 0.0390625 0.03203125
5 0.6390625 0.07734375 0.03515625 0.03671875
5 0.396875 0.0671875 0.0359375 0.04296875
5 0.6046875 0.09140625 0.040625 0.03828125
5 0.2671875 0.50625 0.0390625 0.0328125
5 0.45859375 0.4890625 0.040625 0.03125
5 0.3921875 0.83515625 0.04140625 0.0328125
5 0.234375 0.75546875 0.03828125 0.03828125
5 0.20390625 0.5484375 0.04375 0.02734375
5 0.6796875 0.28046875 0.03828125 0.0421875
5 0.40078125 0.15859375 0.0359375 0.040625
5 0.39453125 0.37265625 0.04375 0.025
5 0.37578125 0.6671875 0.0421875 0.034375
5 0.50703125 0.05234375 0.03359375 0.0265625
5 0.7359375 0.4359375 0.03828125 0.040625
5 0.94375 0.40390625 0.04375 0.0390625
5 0.34609375 0.596875 0.0390625 0.02421875
5 0.3609375 0.4234375 0.0390625 0.02265625
5 0.64921875 0.665625 0.0375 0.03125
5 0.64921875 0.4796875 0.0296875 0.0296875
5 0.76015625 0.221875 0.03984375 0.04375
5 0.965625 0.49453125 0.0421875 0.0328125
5 0.84140625 0.56875 0.03515625 0.04296875
5 0.80390625 0.56953125 0.0375 0.040625
5 0.15703125 0.54609375 0.03515625 0.02734375
5 0.75234375 0.0953125 0.03828125 0.0375
5 0.8953125 0.35 0.03515625 0.03671875
5 0.6015625 0.7859375 0.03828125 0.0296875
5 0.8953125 0.41484375 0.04453125 0.04453125
5 0.87578125 0.646875 0.03515625 0.04296875
5 0.434375 0.81953125 0.03125 0.028125
5 0.8640625 0.45546875 0.04296875 0.04140625
5 0.20546875 0.309375 0.03984375 0.04453125
5 0.7921875 0.53984375 0.0390625 0.0375
5 0.3546875 0.48984375 0.1234375 0.10390625
5 0.44765625 0.56640625 0.10859375 0.0953125
5 0.275 0.634375 0.103125 0.11015625