5 0.64453125 0.58046875 0.0546875 0.046875
5 0.1703125 0.54609375 0.0546875 0.04375
5 0.5578125 0.59375 0.0578125 0.0484375
5 0.63203125 0.54765625 0.04375 0.0390625
5 0.51171875 0.76640625 0.053125 0.0453125
5 0.471875 0.43125 0.0453125 0.0453125
5 0.57734375 0.775 0.05625 0.05
5 0.59296875 0.41484375 0.04375 0.0390625
5 0.62109375 0.64375 0.053125 0.05
5 0.4140625 0.640625 0.0578125 0.05
5 0.21171875 0.66640625 0.053125 0.04375
5 0.27265625 0.47265625 0.04375 0.0390625
5 0.56328125 0.059375 0.040625 0.0421875
5 0.3234375 0.09140625 0.0421875 0.0484375
5 0.53203125 0.0796875 0.046875 0.0453125
5 0.271875 0.546875 0.04375 0.0390625
5 0.45703125 0.49609375 0.0453125 0.0375
5 0.45234375 0.8484375 0.046875 0.0390625
5 0.2828125 0.79765625 0.04375 0.04375
5 0.2171875 0.59921875 0.0484375 0.034375
5 0.6390625 0.25234375 0.0453125 0.0484375
5 0.34296875 0.18125 0.0421875 0.046875
5 0.37421875 0.39296875 0.046875 0.0328125
5 0.40703125 0.6859375 0.046875 0.040625
5 0.42890625 0.0578125 0.0375 0.03125
5 0.72109375 0.39609375 0.0453125 0.046875
5 0.9203125 0.328125 0.05 0.0453125
5 0.365625 0.621875 0.0421875 0.03125
5 0.35 0.4484375 0.0421875 0.0296875
5 0.67578125 0.6375 0.0421875 0.0375
5 0.64375 0.45390625 0.034375 0.034375
5 0.7078125 0.18125 0.046875 0.05
5 0.9578125 0.4140625 0.046875 0.0390625
5 0.8484375 0.50859375 0.0421875 0.0484375
5 0.81171875 0.515625 0.04375 0.046875
5 0.1703125 0.6046875 0.0390625 0.0328125
5 0.678125 0.0578125 0.04375 0.04375
5 0.86328125 0.28359375 0.040625 0.0421875
5 0.65 0.7640625 0.0421875 0.0359375
5 0.87421875 0.34765625 0.0515625 0.0515625
5 0.8953125 0.5796875 0.0421875 0.0484375
5 0.490625 0.82578125 0.0359375 0.0328125
5 0.85078125 0.39296875 0.05 0.0484375
5 0.1765625 0.36328125 0.046875 0.05
5 0.79453125 0.48828125 0.0453125 0.04375
5 0.35546875 0.51484375 0.1390625 0.1234375
5 0.46015625 0.57421875 0.1234375 0.1125
5 0.3015625 0.67109375 0.1203125 0.1265625