5 0.3859375 0.61953125 0.053125 0.0453125
5 0.82890625 0.44765625 0.053125 0.0421875
5 0.471875 0.60625 0.0546875 0.046875
5 0.3875 0.58359375 0.0421875 0.0375
5 0.56640625 0.7578125 0.0515625 0.0421875
5 0.50703125 0.42578125 0.04375 0.0421875
5 0.50703125 0.7859375 0.0546875 0.046875
5 0.3859375 0.4453125 0.0421875 0.0375
5 0.42578125 0.67265625 0.0515625 0.046875
5 0.6234375 0.609375 0.0546875 0.046875
5 0.82421875 0.575 0.0515625 0.0421875
5 0.709375 0.4078125 0.0421875 0.0359375
5 0.31015625 0.09765625 0.0390625 0.040625
5 0.55 0.0578125 0.040625 0.046875
5 0.34609375 0.10703125 0.0453125 0.0421875
5 0.73203125 0.478125 0.0421875 0.0375
5 0.53984375 0.484375 0.04375 0.0359375
5 0.64765625 0.81953125 0.0453125 0.0375
5 0.79453125 0.72109375 0.0421875 0.0421875
5 0.8 0.51171875 0.046875 0.0328125
5 0.29453125 0.30390625 0.04375 0.046875
5 0.55703125 0.14921875 0.040625 0.0453125
5 0.5890625 0.3609375 0.046875 0.0296875
5 0.64375 0.65078125 0.0453125 0.0390625
5 0.43828125 0.05625 0.0359375 0.0296875
5 0.2578125 0.46484375 0.0421875 0.0453125
5 0.04765625 0.45859375 0.0484375 0.04375
5 0.66484375 0.57734375 0.0421875 0.028125
5 0.62890625 0.40703125 0.0421875 0.0265625
5 0.371875 0.6828125 0.040625 0.0359375
5 0.34921875 0.49765625 0.0328125 0.0328125
5 0.2078125 0.25546875 0.0453125 0.0484375
5 0.0375 0.5515625 0.0453125 0.0375
5 0.16953125 0.61015625 0.040625 0.046875
5 0.20703125 0.60625 0.0421875 0.0453125
5 0.84609375 0.50390625 0.0375 0.03125
5 0.2 0.12890625 0.0421875 0.0421875
5 0.0890625 0.39921875 0.0390625 0.040625
5 0.434375 0.79609375 0.0421875 0.034375
5 0.096875 0.46328125 0.05 0.05
5 0.14453125 0.69140625 0.040625 0.046875
5 0.60390625 0.809375 0.034375 0.03125
5 0.13359375 0.5 0.0484375 0.046875
5 0.76875 0.275 0.0453125 0.0484375
5 0.21484375 0.575 0.04375 0.0421875
5 0.64296875 0.471875 0.1359375 0.11875
5 0.56015625 0.559375 0.11875 0.1078125
5 0.73984375 0.60625 0.115625 0.121875