0 0.38359375 0.4484375 0.0671875 0.078125
0 0.6625 0.56640625 0.1 0.140625
0 0.6359375 0.7953125 0.0578125 0.090625
0 0.48125 0.2015625 0.059375 0.08125
0 0.54140625 0.703125 0.075 0.1
0 0.35 0.60390625 0.084375 0.09375
0 0.6984375 0.35859375 0.075 0.103125
0 0.63046875 0.2953125 0.071875 0.090625
0 0.4984375 0.32265625 0.065625 0.0890625
0 0.6328125 0.18203125 0.0703125 0.071875
0 0.81171875 0.5484375 0.0625 0.078125
0 0.46015625 0.33046875 0.0375 0.0578125
0 0.59765625 0.3890625 0.0796875 0.0875
0 0.44921875 0.6453125 0.06875 0.065625
0 0.49375 0.5125 0.05625 0.075
0 0.265625 0.596875 0.0421875 0.09375
0 0.70390625 0.26953125 0.059375 0.04375
0 0.771875 0.4859375 0.053125 0.059375