0 0.61953125 0.45703125 0.071875 0.08125
0 0.33359375 0.5546875 0.109375 0.146875
0 0.34375 0.78515625 0.0640625 0.09375
0 0.53984375 0.20390625 0.065625 0.0859375
0 0.44453125 0.7 0.0828125 0.10625
0 0.6421875 0.6140625 0.0921875 0.1
0 0.31171875 0.3453125 0.08125 0.1078125
0 0.384375 0.28671875 0.0765625 0.0953125
0 0.5140625 0.3234375 0.071875 0.09375
0 0.38984375 0.1734375 0.075 0.0765625
0 0.1859375 0.5265625 0.0671875 0.0828125
0 0.5515625 0.33359375 0.0421875 0.0609375
0 0.41015625 0.3828125 0.0859375 0.0921875
0 0.540625 0.6484375 0.071875 0.0703125
0 0.50546875 0.51328125 0.0609375 0.078125
0 0.72734375 0.61328125 0.0484375 0.096875
0 0.3125 0.25625 0.0609375 0.0484375
0 0.2296875 0.4671875 0.0578125 0.0625