0 0.38359375 0.4484375 0.0671875 0.07734375
0 0.6625 0.56640625 0.1 0.13984375
0 0.6359375 0.7953125 0.0578125 0.090625
0 0.48125 0.2015625 0.06015625 0.08203125
0 0.54140625 0.703125 0.07578125 0.10078125
0 0.35 0.60390625 0.08515625 0.09453125
0 0.6984375 0.35859375 0.07421875 0.10234375
0 0.63046875 0.2953125 0.07109375 0.090625
0 0.4984375 0.32265625 0.065625 0.0890625
0 0.6328125 0.18203125 0.0703125 0.07109375
0 0.81171875 0.5484375 0.06171875 0.078125
0 0.46015625 0.33046875 0.03828125 0.0578125
0 0.59765625 0.3890625 0.0796875 0.0875
0 0.44921875 0.6453125 0.06796875 0.06640625
0 0.49375 0.5125 0.05546875 0.07421875
0 0.265625 0.596875 0.0421875 0.09375
0 0.70390625 0.26953125 0.05859375 0.04453125
0 0.771875 0.4859375 0.053125 0.05859375