5 0.48046875 0.44609375 0.0453125 0.0515625
5 0.5359375 0.44765625 0.05625 0.05625
5 0.38359375 0.4140625 0.0578125 0.0640625
5 0.4125 0.4640625 0.0625 0.0640625
5 0.43828125 0.39609375 0.0546875 0.0515625
5 0.59765625 0.42265625 0.05625 0.0546875
5 0.4390625 0.33984375 0.05625 0.053125
5 0.3375 0.40625 0.0515625 0.05625
5 0.4828125 0.36171875 0.053125 0.0515625
5 0.54765625 0.35703125 0.05625 0.05
5 0.52421875 0.3921875 0.0625 0.059375
5 0.478125 0.4984375 0.053125 0.0453125
5 0.34375 0.3421875 0.053125 0.0453125
5 0.5984375 0.49296875 0.0578125 0.046875
5 0.52109375 0.30625 0.05625 0.046875
5 0.365625 0.30078125 0.05625 0.0484375
5 0.39296875 0.36796875 0.0484375 0.046875
5 0.54140625 0.4875 0.05 0.0421875
5 0.35234375 0.46015625 0.0515625 0.046875
5 0.30859375 0.5875 0.059375 0.05
5 0.41484375 0.5203125 0.0421875 0.0421875
5 0.41640625 0.578125 0.0484375 0.0421875
5 0.46796875 0.41015625 0.05 0.0484375
5 0.30703125 0.50859375 0.040625 0.0359375
5 0.2609375 0.62265625 0.040625 0.034375
5 0.22890625 0.4796875 0.034375 0.0328125
5 0.5859375 0.5390625 0.046875 0.040625
5 0.40859375 0.3265625 0.05 0.0453125
5 0.465625 0.334375 0.034375 0.0296875