5 0.52109375 0.446875 0.04296875 0.05
5 0.465625 0.44609375 0.05390625 0.0546875
5 0.61953125 0.41796875 0.05546875 0.0625
5 0.5890625 0.4671875 0.06015625 0.0625
5 0.565625 0.3984375 0.053125 0.04921875
5 0.40546875 0.41953125 0.05390625 0.053125
5 0.56640625 0.3421875 0.0546875 0.05078125
5 0.665625 0.41171875 0.04921875 0.05390625
5 0.521875 0.3625 0.0515625 0.04921875
5 0.45703125 0.35546875 0.05390625 0.04765625
5 0.4796875 0.39140625 0.06015625 0.05703125
5 0.521875 0.49921875 0.05234375 0.04375
5 0.66171875 0.34765625 0.0515625 0.04296875
5 0.4015625 0.48984375 0.05625 0.04453125
5 0.4859375 0.30546875 0.0546875 0.0453125
5 0.64140625 0.30546875 0.05390625 0.04609375
5 0.61171875 0.371875 0.04765625 0.04453125
5 0.459375 0.4859375 0.0484375 0.040625
5 0.64921875 0.465625 0.05078125 0.04453125
5 0.68828125 0.59375 0.05703125 0.0484375
5 0.584375 0.5234375 0.040625 0.040625
5 0.58046875 0.58125 0.046875 0.040625
5 0.53515625 0.41171875 0.04765625 0.04609375
5 0.6921875 0.515625 0.0390625 0.034375
5 0.734375 0.63125 0.03984375 0.03359375
5 0.771875 0.4890625 0.03359375 0.03203125
5 0.4125 0.5359375 0.0453125 0.0390625
5 0.59765625 0.3296875 0.0484375 0.04296875
5 0.53984375 0.3359375 0.0328125 0.02890625