5 0.49140625 0.44375 0.053125 0.0578125
5 0.5453125 0.45546875 0.0640625 0.065625
5 0.40234375 0.39296875 0.06875 0.0734375
5 0.4203125 0.44765625 0.0734375 0.075
5 0.45859375 0.3859375 0.0625 0.059375
5 0.61015625 0.44296875 0.0640625 0.0640625
5 0.47109375 0.33125 0.0640625 0.0625
5 0.35859375 0.3765625 0.059375 0.0640625
5 0.509375 0.3609375 0.0609375 0.059375
5 0.57421875 0.36875 0.0625 0.0578125
5 0.54453125 0.3984375 0.071875 0.06875
5 0.47890625 0.49453125 0.0609375 0.0546875
5 0.3765625 0.31484375 0.059375 0.053125
5 0.5984375 0.5125 0.0640625 0.05625
5 0.5578125 0.31328125 0.0640625 0.05625
5 0.40625 0.27890625 0.0625 0.0578125
5 0.4203125 0.35 0.05625 0.0546875
5 0.54296875 0.4953125 0.05625 0.05
5 0.3625 0.4328125 0.059375 0.0546875
5 0.2953125 0.54921875 0.0671875 0.059375
5 0.4125 0.50390625 0.0484375 0.0484375
5 0.403125 0.5609375 0.0546875 0.05
5 0.4859375 0.40625 0.05625 0.05625
5 0.309375 0.471875 0.0453125 0.0421875
5 0.2421875 0.575 0.046875 0.0421875
5 0.2375 0.428125 0.040625 0.0390625
5 0.57734375 0.5546875 0.053125 0.0484375
5 0.44296875 0.31171875 0.05625 0.053125
5 0.4984375 0.33125 0.0390625 0.0359375