3 0.215625 0.7453125 0.184375 0.15
3 0.2 0.9515625 0.1875 0.096875
3 0.4203125 0.94140625 0.2 0.1171875
3 0.55859375 0.75234375 0.1859375 0.159375
3 0.36015625 0.85859375 0.1796875 0.146875
3 0.41484375 0.73671875 0.09375 0.084375
3 0.184375 0.1328125 0.2328125 0.1765625
5 0.45703125 0.11796875 0.2515625 0.2
3 0.50703125 0.034375 0.2046875 0.06875
3 0.0125 0.225 0.025 0.13125
3 0.07265625 0.23828125 0.1453125 0.1453125
3 0.08359375 0.34296875 0.1671875 0.2046875
3 0.29375 0.65625 0.096875 0.0859375
3 0.0609375 0.11796875 0.090625 0.065625
3 0.34765625 0.06875 0.1578125 0.1203125
3 0.49453125 0.71328125 0.0921875 0.0828125