3 0.82578125 0.68671875 0.16875 0.121875
3 0.88359375 0.9078125 0.171875 0.1125
3 0.66484375 0.93671875 0.184375 0.1234375
3 0.490625 0.759375 0.1671875 0.1328125
3 0.70625 0.825 0.1625 0.1203125
3 0.62890625 0.71640625 0.0828125 0.071875
3 0.73984375 0.07890625 0.2140625 0.140625
5 0.46953125 0.11640625 0.2296875 0.1609375
3 0.39921875 0.03046875 0.1984375 0.0609375
3 0.9609375 0.12890625 0.078125 0.1171875
3 0.8796875 0.16015625 0.15 0.1203125
3 0.903125 0.259375 0.19375 0.171875
3 0.7328125 0.6140625 0.0859375 0.071875
3 0.8578125 0.04140625 0.0828125 0.0515625
3 0.5671875 0.04765625 0.1453125 0.0953125
3 0.54609375 0.7078125 0.0828125 0.0703125