3 0.16484375 0.66953125 0.1625 0.11328125
3 0.0953125 0.8875 0.16640625 0.1046875
3 0.3125 0.92734375 0.178125 0.1140625
3 0.49609375 0.759375 0.1609375 0.12421875
3 0.27734375 0.8140625 0.15703125 0.1125
3 0.36015625 0.709375 0.07890625 0.06796875
3 0.2828125 0.0671875 0.2078125 0.1296875
5 0.55078125 0.11875 0.221875 0.15
3 0.625 0.03125 0.19609375 0.06171875
3 0.04765625 0.1046875 0.09453125 0.11171875
3 0.13828125 0.140625 0.14453125 0.11328125
3 0.1015625 0.2390625 0.20078125 0.1609375
3 0.26171875 0.6015625 0.0828125 0.0671875
3 0.16640625 0.0234375 0.08125 0.046875
3 0.45625 0.04453125 0.14140625 0.08828125
3 0.44296875 0.70546875 0.07890625 0.065625