5 0.375 0.5296875 0.0625 0.08125
5 0.609375 0.6484375 0.0421875 0.04375
5 0.5484375 0.509375 0.05625 0.065625
5 0.5078125 0.26171875 0.0640625 0.1015625
5 0.3859375 0.41875 0.053125 0.059375
5 0.46640625 0.21953125 0.05 0.0921875
5 0.5390625 0.20859375 0.0359375 0.05625
5 0.590625 0.46328125 0.090625 0.11875
5 0.30390625 0.25546875 0.0640625 0.084375
5 0.38203125 0.2640625 0.03125 0.0359375
5 0.559375 0.21015625 0.053125 0.059375
5 0.31875 0.684375 0.0640625 0.0515625
5 0.38046875 0.29921875 0.05625 0.0703125
5 0.40234375 0.540625 0.05 0.0859375
5 0.49921875 0.21328125 0.046875 0.0515625
5 0.31484375 0.4703125 0.0171875 0.0359375
5 0.34375 0.76640625 0.025 0.034375
5 0.52578125 0.48828125 0.0296875 0.0328125
5 0.31875 0.41875 0.0421875 0.0609375
5 0.54609375 0.24453125 0.0625 0.08125
5 0.2734375 0.6859375 0.0546875 0.0578125
5 0.4109375 0.71171875 0.025 0.0328125
5 0.4015625 0.371875 0.021875 0.025
5 0.40390625 0.7484375 0.0421875 0.034375
5 0.63359375 0.290625 0.096875 0.1296875
5 0.3453125 0.71875 0.065625 0.0703125
5 0.4875 0.23671875 0.0375 0.0453125
5 0.55234375 0.48671875 0.021875 0.03125
5 0.38671875 0.25 0.021875 0.0296875
5 0.3578125 0.3484375 0.0609375 0.090625
5 0.46484375 0.46796875 0.025 0.034375
5 0.5984375 0.3375 0.03125 0.03125
5 0.23828125 0.47890625 0.0734375 0.0984375
5 0.41640625 0.5765625 0.034375 0.04375
5 0.63984375 0.18671875 0.034375 0.05
4 0.2375 0.45078125 0.0140625 0.015625
5 0.93671875 0.27890625 0.0421875 0.0609375
5 0.4375 0.71484375 0.0203125 0.0203125
5 0.49140625 0.76328125 0.0796875 0.1234375
5 0.32421875 0.66640625 0.015625 0.021875
5 0.55625 0.3625 0.025 0.046875
3 0.2875 0.49296875 0.084375 0.1203125
5 0.22890625 0.59375 0.025 0.028125
5 0.5171875 0.50703125 0.0421875 0.0484375
5 0.43984375 0.4703125 0.0390625 0.05
5 0.35703125 0.146875 0.1046875 0.109375
5 0.4125 0.64765625 0.0765625 0.075
5 0.3859375 0.590625 0.09375 0.1
5 0.61796875 0.478125 0.109375 0.175
5 0.42109375 0.1859375 0.078125 0.090625
5 0.4109375 0.234375 0.071875 0.0609375
5 0.21171875 0.66484375 0.046875 0.071875
5 0.28125 0.72890625 0.09375 0.10625
5 0.50625 0.36796875 0.14375 0.2046875
5 0.4859375 0.58515625 0.153125 0.1796875
5 0.259375 0.640625 0.0953125 0.128125
5 0.34609375 0.59921875 0.0875 0.1046875
5 0.3140625 0.2609375 0.1265625 0.146875