5 0.625 0.52734375 0.0640625 0.08125
5 0.39375 0.65078125 0.0421875 0.04375
5 0.4515625 0.51015625 0.05625 0.0671875
5 0.48828125 0.2625 0.065625 0.1015625
5 0.61328125 0.4171875 0.0546875 0.0609375
5 0.52890625 0.21875 0.0515625 0.0921875
5 0.45546875 0.209375 0.0375 0.05625
5 0.409375 0.46484375 0.0921875 0.1203125
5 0.69140625 0.2515625 0.0640625 0.084375
5 0.6140625 0.2625 0.03125 0.0359375
5 0.43515625 0.2109375 0.053125 0.059375
5 0.684375 0.68125 0.065625 0.053125
5 0.61640625 0.296875 0.0578125 0.0703125
5 0.5984375 0.5390625 0.0515625 0.0875
5 0.4953125 0.2140625 0.046875 0.0515625
5 0.68515625 0.46640625 0.01875 0.0359375
5 0.6609375 0.76328125 0.025 0.034375
5 0.47421875 0.4890625 0.0296875 0.0328125
5 0.6796875 0.415625 0.0421875 0.0625
5 0.44921875 0.2453125 0.0640625 0.08125
5 0.7296875 0.68203125 0.05625 0.059375
5 0.59296875 0.71015625 0.025 0.0328125
5 0.596875 0.3703125 0.021875 0.025
5 0.6 0.74609375 0.0421875 0.0359375
5 0.36328125 0.29296875 0.1 0.1296875
5 0.65859375 0.715625 0.0671875 0.0703125
5 0.5078125 0.23671875 0.0390625 0.0453125
5 0.44765625 0.4875 0.0234375 0.03125
5 0.60859375 0.2484375 0.021875 0.0296875
5 0.63984375 0.34609375 0.0625 0.090625
5 0.534375 0.4671875 0.025 0.034375
5 0.3984375 0.3390625 0.03125 0.03125
5 0.76171875 0.47421875 0.075 0.0984375
5 0.58515625 0.57578125 0.0359375 0.04375
5 0.3546875 0.1890625 0.0359375 0.05
4 0.76171875 0.44609375 0.0140625 0.015625
5 0.059375 0.28671875 0.04375 0.0609375
5 0.56640625 0.7140625 0.0203125 0.0203125
5 0.51328125 0.76328125 0.08125 0.1234375
5 0.678125 0.66328125 0.015625 0.021875
5 0.44140625 0.36328125 0.025 0.046875
3 0.7125 0.4890625 0.0859375 0.1203125
5 0.77265625 0.5890625 0.025 0.028125
5 0.4828125 0.5078125 0.04375 0.0484375
5 0.56015625 0.46875 0.0390625 0.05
5 0.63671875 0.14453125 0.10625 0.1109375
5 0.590625 0.64609375 0.078125 0.075
5 0.615625 0.5890625 0.0953125 0.1
5 0.38125 0.48046875 0.1109375 0.175
5 0.5734375 0.184375 0.078125 0.090625
5 0.584375 0.2328125 0.0734375 0.0625
5 0.79140625 0.66015625 0.0484375 0.071875
5 0.72265625 0.72578125 0.0953125 0.10625
5 0.49140625 0.36796875 0.146875 0.20625
5 0.515625 0.584375 0.15625 0.18125
5 0.74375 0.63671875 0.096875 0.128125
5 0.65546875 0.596875 0.0890625 0.1046875
5 0.68203125 0.25703125 0.128125 0.1484375