5 0.38515625 0.55703125 0.04765625 0.07265625
5 0.63984375 0.6203125 0.034375 0.03671875
5 0.54921875 0.4984375 0.04375 0.0578125
5 0.45390625 0.26640625 0.04375 0.09375
5 0.3703125 0.446875 0.04296875 0.0515625
5 0.40390625 0.234375 0.03203125 0.08671875
5 0.47265625 0.20703125 0.025 0.05234375
5 0.5796875 0.44375 0.06796875 0.10625
5 0.25390625 0.30546875 0.04765625 0.07578125
5 0.33203125 0.296875 0.025 0.03046875
5 0.49296875 0.20390625 0.0421875 0.05078125
5 0.36484375 0.7203125 0.05703125 0.03984375
5 0.33828125 0.33125 0.04375 0.06171875
5 0.4140625 0.56171875 0.0328125 0.08125
5 0.43515625 0.22109375 0.0375 0.04453125
5 0.3125 0.5125 0.01015625 0.034375
5 0.4078125 0.79453125 0.01875 0.03046875
5 0.52265625 0.4828125 0.0234375 0.028125
5 0.30546875 0.46171875 0.0296875 0.05625
5 0.4875 0.240625 0.04765625 0.07265625
5 0.32109375 0.73203125 0.0453125 0.04921875
5 0.4609375 0.7265625 0.01875 0.02890625
5 0.375 0.39765625 0.0171875 0.02109375
5 0.4625 0.76328125 0.03671875 0.02734375
5 0.5828125 0.265625 0.0734375 0.115625
5 0.3984375 0.74765625 0.05390625 0.059375
5 0.42890625 0.24609375 0.0296875 0.03984375
5 0.54765625 0.475 0.01640625 0.028125
5 0.33359375 0.28203125 0.01640625 0.0265625
5 0.32734375 0.384375 0.04375 0.0828125
5 0.45859375 0.4765625 0.01796875 0.03125
5 0.559375 0.31953125 0.02578125 0.02578125
5 0.23984375 0.53828125 0.05546875 0.0875
5 0.4359375 0.59375 0.0265625 0.0390625
5 0.565625 0.16328125 0.025 0.04609375
4 0.2328125 0.5109375 0.0109375 0.0140625
5 0.87578125 0.18671875 0.03125 0.05546875
5 0.4875 0.7234375 0.01640625 0.01640625
5 0.55078125 0.75859375 0.05625 0.11328125
5 0.36640625 0.7015625 0.0109375 0.01953125
5 0.5234375 0.353125 0.015625 0.04375
3 0.29140625 0.540625 0.06171875 0.109375
5 0.25703125 0.65234375 0.01953125 0.02421875
5 0.51875 0.503125 0.034375 0.04140625
5 0.434375 0.484375 0.0296875 0.04375
5 0.28125 0.18828125 0.0859375 0.0921875
5 0.44765625 0.66328125 0.06484375 0.06171875
5 0.409375 0.6140625 0.07734375 0.084375
5 0.61015625 0.45234375 0.07421875 0.16171875
5 0.35234375 0.21171875 0.06171875 0.078125
5 0.353125 0.2609375 0.06328125 0.0484375
5 0.25625 0.72578125 0.0328125 0.065625
5 0.33828125 0.77265625 0.075 0.09140625
5 0.4765625 0.36953125 0.1046875 0.1859375
5 0.50546875 0.5859375 0.12109375 0.15703125
5 0.296875 0.69140625 0.07109375 0.11484375
5 0.37265625 0.63125 0.06953125 0.090625
5 0.26484375 0.30859375 0.1 0.12734375