3 0.4296875 0.75546875 0.146875 0.1015625
3 0.20859375 0.57109375 0.1578125 0.2015625
3 0.74296875 0.70625 0.12421875 0.121875
3 0.3859375 0.61640625 0.21015625 0.1609375
3 0.84453125 0.596875 0.1390625 0.11484375
3 0.5796875 0.54296875 0.1921875 0.121875
3 0.47734375 0.41875 0.215625 0.08984375
3 0.56796875 0.6953125 0.17265625 0.10625
3 0.3234375 0.4859375 0.13671875 0.078125
3 0.6796875 0.503125 0.10859375 0.1109375
3 0.16953125 0.54375 0.07109375 0.1
3 0.5875 0.3765625 0.09765625 0.040625
3 0.28671875 0.490625 0.06171875 0.03984375
3 0.43359375 0.49921875 0.0921875 0.05390625
3 0.596875 0.78046875 0.08203125 0.08125