3 0.4890625 0.76484375 0.165625 0.13125
3 0.23203125 0.63515625 0.1984375 0.23125
3 0.7828125 0.64609375 0.1484375 0.146875
3 0.41484375 0.6390625 0.240625 0.2046875
3 0.8578125 0.5171875 0.1609375 0.14375
3 0.5875 0.52421875 0.2140625 0.1625
3 0.459375 0.42578125 0.2296875 0.1359375
3 0.61015625 0.675 0.1921875 0.1421875
3 0.325 0.52578125 0.1515625 0.10625
3 0.67578125 0.4625 0.13125 0.1328125
3 0.1875 0.6171875 0.0921875 0.1140625
3 0.5578125 0.36015625 0.1046875 0.0609375
3 0.28984375 0.5390625 0.06875 0.053125
3 0.43515625 0.5140625 0.1015625 0.0734375
3 0.6578125 0.7515625 0.0984375 0.096875