3 0.475 0.7640625 0.1625 0.125
3 0.225 0.6203125 0.190625 0.2265625
3 0.775 0.6609375 0.14375 0.1421875
3 0.4078125 0.634375 0.234375 0.1953125
3 0.85625 0.5359375 0.15625 0.1375
3 0.5859375 0.528125 0.2109375 0.153125
3 0.46328125 0.42421875 0.228125 0.1265625
3 0.60078125 0.68046875 0.1890625 0.134375
3 0.3234375 0.5171875 0.1484375 0.1
3 0.67734375 0.471875 0.1265625 0.128125
3 0.18203125 0.60078125 0.0875 0.1109375
3 0.56484375 0.36328125 0.103125 0.05625
3 0.28828125 0.528125 0.0671875 0.05
3 0.434375 0.5109375 0.1 0.06875
3 0.64375 0.759375 0.0953125 0.09375