4 0.5890625 0.6828125 0.034375 0.04375
4 0.6375 0.7046875 0.034375 0.0421875
4 0.46328125 0.41953125 0.034375 0.04375
4 0.4203125 0.43203125 0.0328125 0.046875
4 0.5703125 0.27421875 0.0328125 0.0421875
4 0.31171875 0.59140625 0.0359375 0.0421875
4 0.625 0.44140625 0.0453125 0.059375
4 0.71171875 0.38828125 0.034375 0.04375
4 0.59296875 0.30078125 0.0328125 0.034375
4 0.4671875 0.20234375 0.040625 0.0484375
4 0.56171875 0.64765625 0.0359375 0.05
4 0.70390625 0.6671875 0.0328125 0.0421875
4 0.65 0.603125 0.0296875 0.05
4 0.771875 0.6953125 0.0359375 0.046875
4 0.346875 0.35 0.0375 0.0390625
4 0.5203125 0.31953125 0.0375 0.040625
4 0.36875 0.31953125 0.034375 0.0484375
4 0.734375 0.50078125 0.0375 0.04375
4 0.46953125 0.6734375 0.0421875 0.0484375
4 0.79140625 0.34921875 0.0375 0.05
4 0.32421875 0.52890625 0.040625 0.0546875
4 0.528125 0.746875 0.0265625 0.0453125
4 0.321875 0.69296875 0.0328125 0.0484375
4 0.5140625 0.409375 0.034375 0.059375
4 0.67890625 0.446875 0.0359375 0.053125
4 0.56015625 0.7515625 0.0296875 0.034375
4 0.6671875 0.64296875 0.0296875 0.04375
4 0.4390625 0.39375 0.0296875 0.0375
4 0.45859375 0.28203125 0.03125 0.05625
4 0.7671875 0.66328125 0.028125 0.0375
4 0.784375 0.39453125 0.0328125 0.0453125
4 0.4890625 0.7703125 0.028125 0.0421875
4 0.628125 0.5203125 0.0390625 0.0515625
4 0.5203125 0.26171875 0.0296875 0.034375
4 0.78046875 0.6390625 0.0328125 0.04375
4 0.73828125 0.6359375 0.0328125 0.046875
4 0.71015625 0.52734375 0.0390625 0.0359375
4 0.7109375 0.63046875 0.0515625 0.053125
4 0.603125 0.2078125 0.0296875 0.0359375
4 0.79453125 0.59296875 0.0453125 0.0515625
4 0.23828125 0.384375 0.04375 0.053125
4 0.715625 0.72265625 0.0375 0.0375
4 0.70390625 0.30390625 0.0375 0.0453125
4 0.60703125 0.24609375 0.0296875 0.04375
4 0.72578125 0.45546875 0.0359375 0.0453125
4 0.34609375 0.21640625 0.034375 0.0515625
4 0.66875 0.77578125 0.03125 0.040625
4 0.48125 0.69453125 0.040625 0.0484375
4 0.69453125 0.1921875 0.0390625 0.0515625
4 0.609375 0.41015625 0.040625 0.0453125
4 0.44765625 0.38359375 0.0328125 0.0359375
4 0.33203125 0.48515625 0.040625 0.046875
4 0.571875 0.4296875 0.0359375 0.040625
4 0.45625 0.85625 0.03125 0.046875
4 0.7578125 0.61796875 0.0296875 0.0359375
4 0.609375 0.60234375 0.0328125 0.040625
4 0.4390625 0.56875 0.0328125 0.0453125
4 0.55703125 0.76875 0.028125 0.03125
4 0.5984375 0.165625 0.0296875 0.0359375
4 0.36484375 0.56796875 0.028125 0.0390625
4 0.58046875 0.38671875 0.0359375 0.040625
4 0.5875 0.475 0.0296875 0.040625
4 0.56015625 0.50859375 0.03125 0.040625
4 0.2578125 0.45390625 0.0515625 0.05
4 0.7453125 0.71796875 0.03125 0.0328125
4 0.62109375 0.24921875 0.025 0.0390625
4 0.55546875 0.46171875 0.0296875 0.0359375
4 0.34765625 0.45390625 0.034375 0.0421875
4 0.70234375 0.26171875 0.0390625 0.0390625
4 0.33203125 0.42109375 0.0421875 0.0484375
4 0.6484375 0.72421875 0.0421875 0.046875
4 0.39921875 0.38125 0.0328125 0.0390625
4 0.76171875 0.265625 0.0328125 0.0453125
4 0.63359375 0.59140625 0.0328125 0.046875
4 0.44140625 0.71015625 0.0296875 0.040625
4 0.24921875 0.56953125 0.0375 0.05
4 0.628125 0.18046875 0.0453125 0.0578125
4 0.65 0.1546875 0.034375 0.046875
4 0.340625 0.7453125 0.04375 0.0578125
4 0.71875 0.76953125 0.0375 0.0453125
4 0.4546875 0.6171875 0.05 0.065625
4 0.63046875 0.80546875 0.053125 0.0546875
4 0.29140625 0.5609375 0.0453125 0.0671875
4 0.61875 0.56484375 0.01875 0.0265625
4 0.40859375 0.134375 0.053125 0.06875
5 0.6765625 0.34609375 0.0328125 0.059375
5 0.75546875 0.54296875 0.065625 0.075
5 0.72578125 0.56796875 0.040625 0.0703125
5 0.52890625 0.19453125 0.059375 0.0671875
5 0.47421875 0.2515625 0.0625 0.0640625
5 0.63515625 0.6625 0.065625 0.06875
5 0.35703125 0.3875 0.065625 0.0546875
5 0.63828125 0.2921875 0.0609375 0.0765625
5 0.7375 0.296875 0.0390625 0.0625
5 0.4078125 0.6078125 0.0578125 0.084375
5 0.4 0.32734375 0.0421875 0.05625
5 0.45625 0.7421875 0.05 0.0515625
5 0.40703125 0.1875 0.05 0.0609375
5 0.53515625 0.68671875 0.0453125 0.05
5 0.5296875 0.36484375 0.0671875 0.065625
5 0.49609375 0.73515625 0.0484375 0.0421875
5 0.40703125 0.27421875 0.0578125 0.0765625
5 0.41171875 0.68125 0.065625 0.0703125
5 0.80625 0.4703125 0.0796875 0.1078125
5 0.46015625 0.13984375 0.0515625 0.0671875
5 0.32109375 0.203125 0.040625 0.059375
5 0.36875 0.5 0.05 0.05
5 0.74765625 0.6546875 0.040625 0.05
5 0.59453125 0.33203125 0.040625 0.0515625
5 0.73515625 0.21640625 0.0625 0.0859375
5 0.68828125 0.47265625 0.0671875 0.0609375
5 0.571875 0.14609375 0.053125 0.05625
5 0.36015625 0.68359375 0.05 0.0609375
5 0.4640625 0.7953125 0.0453125 0.053125
5 0.56875 0.78515625 0.0609375 0.0578125
5 0.515625 0.4734375 0.053125 0.0796875
5 0.6890625 0.7421875 0.053125 0.0609375
5 0.43203125 0.528125 0.059375 0.0671875
5 0.6640625 0.2453125 0.034375 0.0546875
5 0.403125 0.80859375 0.0703125 0.0625
5 0.5953125 0.759375 0.0484375 0.065625
5 0.5625 0.58828125 0.065625 0.0640625
5 0.284375 0.64765625 0.0625 0.075
5 0.246875 0.3375 0.0546875 0.0703125
5 0.3171875 0.7265625 0.04375 0.03125