4 0.43359375 0.6921875 0.0296875 0.040625
4 0.38828125 0.7203125 0.0296875 0.03828125
4 0.5265625 0.415625 0.0296875 0.03984375
4 0.57109375 0.42265625 0.028125 0.04375
4 0.40234375 0.284375 0.02890625 0.0390625
4 0.69765625 0.56796875 0.03125 0.0390625
4 0.36875 0.45703125 0.0390625 0.05546875
4 0.2765625 0.41484375 0.03046875 0.03984375
4 0.38359375 0.31328125 0.0296875 0.03125
4 0.49609375 0.20078125 0.03515625 0.04375
4 0.45703125 0.65390625 0.03046875 0.04609375
4 0.31796875 0.690625 0.028125 0.0390625
4 0.36328125 0.6203125 0.02421875 0.04765625
4 0.25390625 0.72734375 0.03046875 0.04375
4 0.63359375 0.3328125 0.0328125 0.03515625
4 0.4578125 0.3234375 0.03359375 0.03671875
4 0.60859375 0.3046875 0.0296875 0.04453125
4 0.2671875 0.5296875 0.0328125 0.040625
4 0.5515625 0.66875 0.03671875 0.04453125
4 0.1921875 0.3859375 0.0328125 0.04609375
4 0.678125 0.50703125 0.034375 0.05078125
4 0.50234375 0.7484375 0.021875 0.04296875
4 0.7 0.66953125 0.028125 0.0453125
4 0.475 0.41171875 0.028125 0.05703125
4 0.315625 0.46875 0.0296875 0.04921875
4 0.47109375 0.75703125 0.02578125 0.03203125
4 0.3515625 0.6625 0.02421875 0.04140625
4 0.54765625 0.38671875 0.025 0.034375
4 0.51484375 0.27890625 0.025 0.053125
4 0.2546875 0.69453125 0.02421875 0.034375
4 0.2046875 0.4296875 0.02734375 0.0421875
4 0.54375 0.7671875 0.0234375 0.03984375
4 0.375 0.5359375 0.03359375 0.0484375
4 0.45078125 0.265625 0.0265625 0.03125
4 0.23828125 0.671875 0.028125 0.03984375
4 0.2796875 0.6640625 0.028125 0.04453125
4 0.29453125 0.553125 0.0359375 0.03125
4 0.30625 0.65546875 0.04609375 0.0484375
4 0.36171875 0.22265625 0.0265625 0.0328125
4 0.21875 0.628125 0.03984375 0.04765625
4 0.7453125 0.353125 0.0375 0.0484375
4 0.31328125 0.746875 0.03359375 0.03359375
4 0.2734375 0.33046875 0.03203125 0.04140625
4 0.3625 0.2609375 0.02421875 0.04140625
4 0.2703125 0.48359375 0.03046875 0.0421875
4 0.61796875 0.2 0.02890625 0.04765625
4 0.36640625 0.79453125 0.0265625 0.03828125
4 0.5421875 0.690625 0.03515625 0.04375
4 0.26953125 0.21796875 0.03359375 0.04765625
4 0.38046875 0.42421875 0.03671875 0.040625
4 0.5375 0.378125 0.02890625 0.0328125
4 0.66484375 0.46484375 0.0359375 0.0421875
4 0.4203125 0.4390625 0.03125 0.0375
4 0.58671875 0.8484375 0.02578125 0.04375
4 0.25859375 0.6484375 0.02578125 0.03359375
4 0.40390625 0.61484375 0.028125 0.03671875
4 0.56875 0.5609375 0.028125 0.04296875
4 0.47578125 0.7734375 0.025 0.02890625
4 0.36171875 0.18046875 0.025 0.03359375
4 0.6421875 0.55078125 0.02421875 0.03671875
4 0.40625 0.39765625 0.03203125 0.03671875
4 0.41015625 0.4859375 0.02578125 0.0375
4 0.44140625 0.515625 0.02734375 0.03828125
4 0.73515625 0.425 0.046875 0.0453125
4 0.2828125 0.74609375 0.028125 0.02890625
4 0.34921875 0.265625 0.02109375 0.03671875
4 0.440625 0.46875 0.02578125 0.0328125
4 0.6453125 0.4359375 0.03046875 0.0390625
4 0.2703125 0.28828125 0.03515625 0.034375
4 0.65703125 0.4015625 0.0375 0.04453125
4 0.3796875 0.740625 0.03671875 0.0421875
4 0.58515625 0.36953125 0.02890625 0.0359375
4 0.21171875 0.29921875 0.02734375 0.0421875
4 0.37890625 0.60703125 0.02734375 0.04453125
4 0.58359375 0.7015625 0.025 0.03828125
4 0.75703125 0.53828125 0.0328125 0.046875
4 0.33359375 0.1984375 0.03984375 0.053125
4 0.309375 0.17578125 0.0296875 0.04296875
4 0.68828125 0.72421875 0.0375 0.05390625
4 0.315625 0.79453125 0.0328125 0.0421875
4 0.559375 0.6109375 0.04296875 0.0609375
4 0.4078125 0.81875 0.04765625 0.04921875
4 0.71484375 0.53515625 0.03828125 0.0625
4 0.38984375 0.57890625 0.01640625 0.02421875
4 0.54609375 0.12578125 0.0453125 0.06328125
5 0.30625 0.36875 0.0265625 0.05625
5 0.2515625 0.5734375 0.0578125 0.06796875
5 0.284375 0.5953125 0.03203125 0.06640625
5 0.434375 0.2 0.05234375 0.06171875
5 0.4953125 0.25 0.05625 0.0578125
5 0.3859375 0.67734375 0.0578125 0.0625
5 0.628125 0.37109375 0.0609375 0.046875
5 0.3375 0.3109375 0.05234375 0.0703125
5 0.23984375 0.32734375 0.0328125 0.059375
5 0.6046875 0.59609375 0.0484375 0.0796875
5 0.578125 0.31640625 0.03671875 0.0515625
5 0.57265625 0.73515625 0.04453125 0.04609375
5 0.55390625 0.17890625 0.04375 0.05546875
5 0.4875 0.68984375 0.040625 0.0453125
5 0.45390625 0.36953125 0.0609375 0.059375
5 0.5328125 0.7328125 0.04375 0.03671875
5 0.56484375 0.26484375 0.04921875 0.07109375
5 0.609375 0.66953125 0.0578125 0.06328125
5 0.1921875 0.5078125 0.0671875 0.10078125
5 0.4953125 0.1375 0.04453125 0.06171875
5 0.64140625 0.18359375 0.034375 0.05625
5 0.63046875 0.48359375 0.0453125 0.04453125
5 0.27265625 0.68359375 0.03515625 0.0453125
5 0.3859375 0.34453125 0.034375 0.0484375
5 0.23203125 0.246875 0.053125 0.0796875
5 0.31015625 0.49609375 0.06171875 0.053125
5 0.3859375 0.1578125 0.046875 0.0515625
5 0.6609375 0.66484375 0.04296875 0.05546875
5 0.571875 0.7890625 0.03984375 0.0484375
5 0.46640625 0.79140625 0.0546875 0.0515625
5 0.48125 0.47578125 0.04453125 0.075
5 0.3421875 0.76328125 0.04609375 0.05546875
5 0.57109375 0.51953125 0.0515625 0.0609375
5 0.30625 0.2671875 0.028125 0.0515625
5 0.63359375 0.79453125 0.06484375 0.0546875
5 0.43671875 0.76875 0.0421875 0.06015625
5 0.4484375 0.5953125 0.059375 0.05703125
5 0.73203125 0.6203125 0.0546875 0.06875
5 0.73125 0.3078125 0.046875 0.065625
5 0.709375 0.70234375 0.04140625 0.0265625