4 0.46484375 0.7 0.0359375 0.0453125
4 0.42421875 0.73515625 0.0359375 0.0421875
4 0.51328125 0.4125 0.0359375 0.04375
4 0.5578125 0.4125 0.034375 0.046875
4 0.36953125 0.30234375 0.034375 0.04375
4 0.70546875 0.5359375 0.0375 0.04375
4 0.36328125 0.478125 0.046875 0.0609375
4 0.265625 0.45078125 0.0359375 0.04375
4 0.35546875 0.33359375 0.034375 0.0359375
4 0.44921875 0.2046875 0.0421875 0.0484375
4 0.48125 0.65859375 0.0375 0.05
4 0.35 0.71640625 0.034375 0.04375
4 0.38359375 0.63984375 0.03125 0.0515625
4 0.2921875 0.76328125 0.0375 0.0484375
4 0.60546875 0.3140625 0.0375 0.040625
4 0.43046875 0.33203125 0.0390625 0.0421875
4 0.5765625 0.28984375 0.0359375 0.0484375
4 0.275 0.565625 0.0390625 0.0453125
4 0.57734375 0.65859375 0.04375 0.05
4 0.178125 0.43515625 0.0390625 0.05
4 0.67734375 0.47890625 0.0421875 0.05625
4 0.54140625 0.7453125 0.028125 0.0453125
4 0.72421875 0.6359375 0.034375 0.0484375
4 0.46171875 0.41640625 0.0359375 0.0609375
4 0.31328125 0.49765625 0.0375 0.053125
4 0.51171875 0.75859375 0.03125 0.0359375
4 0.37890625 0.68359375 0.0296875 0.0453125
4 0.5296875 0.38046875 0.0296875 0.0375
4 0.4796875 0.2796875 0.0328125 0.05625
4 0.28828125 0.73046875 0.0296875 0.0375
4 0.19765625 0.4765625 0.034375 0.0453125
4 0.58515625 0.75703125 0.0296875 0.04375
4 0.38203125 0.5546875 0.040625 0.053125
4 0.41484375 0.2765625 0.03125 0.034375
4 0.26875 0.7109375 0.034375 0.04375
4 0.3078125 0.696875 0.034375 0.0484375
4 0.30546875 0.584375 0.040625 0.0359375
4 0.3328125 0.68359375 0.053125 0.0546875
4 0.3203125 0.24765625 0.03125 0.0359375
4 0.2421875 0.6703125 0.046875 0.053125
4 0.71953125 0.31640625 0.0453125 0.053125
4 0.35390625 0.77265625 0.0390625 0.0390625
4 0.25 0.36796875 0.0375 0.0453125
4 0.3265625 0.28515625 0.0296875 0.0453125
4 0.2703125 0.51953125 0.0359375 0.046875
4 0.56953125 0.18515625 0.0359375 0.0515625
4 0.4140625 0.81171875 0.0328125 0.0421875
4 0.571875 0.68203125 0.0421875 0.0484375
4 0.228125 0.2578125 0.040625 0.0515625
4 0.3703125 0.44375 0.0421875 0.0453125
4 0.51796875 0.3734375 0.034375 0.0375
4 0.65703125 0.43984375 0.0421875 0.046875
4 0.41171875 0.45234375 0.0375 0.0421875
4 0.63984375 0.83046875 0.0328125 0.046875
4 0.28515625 0.684375 0.03125 0.0375
4 0.4234375 0.628125 0.0328125 0.040625
4 0.57734375 0.54921875 0.034375 0.046875
4 0.51875 0.77421875 0.0296875 0.0328125
4 0.31328125 0.20625 0.0296875 0.0375
4 0.6484375 0.528125 0.0296875 0.040625
4 0.39140625 0.41328125 0.0375 0.040625
4 0.409375 0.5 0.03125 0.040625
4 0.44453125 0.52421875 0.0328125 0.0421875
4 0.7203125 0.3890625 0.053125 0.0515625
4 0.32421875 0.77734375 0.0328125 0.0328125
4 0.3140625 0.2921875 0.0265625 0.0390625
4 0.43671875 0.478125 0.03125 0.0359375
4 0.63359375 0.4140625 0.0359375 0.04375
4 0.23984375 0.3265625 0.040625 0.0390625
4 0.63984375 0.378125 0.04375 0.05
4 0.41875 0.75625 0.0421875 0.046875
4 0.5640625 0.3578125 0.034375 0.040625
4 0.18359375 0.346875 0.034375 0.0453125
4 0.396875 0.625 0.034375 0.0484375
4 0.6140625 0.6859375 0.03125 0.0421875
4 0.76015625 0.49765625 0.0390625 0.0515625
4 0.28828125 0.228125 0.0484375 0.059375
4 0.2609375 0.209375 0.0359375 0.046875
4 0.72109375 0.6921875 0.0453125 0.059375
4 0.3640625 0.81953125 0.0390625 0.046875
4 0.57578125 0.6 0.0515625 0.0671875
4 0.45859375 0.82890625 0.0546875 0.05625
4 0.71796875 0.50078125 0.046875 0.0671875
4 0.40390625 0.5953125 0.0203125 0.0265625
4 0.48671875 0.1234375 0.0546875 0.0703125
5 0.28828125 0.40078125 0.034375 0.059375
5 0.26640625 0.61171875 0.0671875 0.0765625
5 0.3015625 0.628125 0.0421875 0.0703125
5 0.38828125 0.2140625 0.0609375 0.06875
5 0.45625 0.25390625 0.0640625 0.065625
5 0.41484375 0.69296875 0.0671875 0.0703125
5 0.60625 0.35234375 0.0671875 0.05625
5 0.31015625 0.3390625 0.0625 0.078125
5 0.21640625 0.3703125 0.0421875 0.0640625
5 0.61875 0.57890625 0.0609375 0.0859375
5 0.5484375 0.30625 0.04375 0.05625
5 0.60859375 0.72109375 0.0515625 0.053125
5 0.503125 0.17421875 0.0515625 0.0609375
5 0.5171875 0.68984375 0.046875 0.0515625
5 0.434375 0.378125 0.06875 0.06875
5 0.56875 0.725 0.0484375 0.04375
5 0.52734375 0.2578125 0.059375 0.078125
5 0.634375 0.65 0.0671875 0.071875
5 0.196875 0.55625 0.0828125 0.109375
5 0.43828125 0.14296875 0.053125 0.0671875
5 0.58984375 0.165625 0.0421875 0.0609375
5 0.6265625 0.46328125 0.0515625 0.0515625
5 0.30390625 0.7171875 0.0421875 0.05
5 0.36328125 0.3640625 0.0421875 0.053125
5 0.19609375 0.2921875 0.065625 0.0875
5 0.31171875 0.52578125 0.06875 0.0625
5 0.33359375 0.1796875 0.0546875 0.0578125
5 0.684375 0.6375 0.0515625 0.0609375
5 0.61640625 0.77421875 0.046875 0.0546875
5 0.5125 0.79296875 0.0625 0.059375
5 0.47734375 0.47890625 0.05625 0.08125
5 0.38515625 0.784375 0.0546875 0.0625
5 0.5734375 0.5078125 0.0609375 0.06875
5 0.271875 0.3 0.0359375 0.0546875
5 0.678125 0.7703125 0.071875 0.0640625
5 0.4796875 0.775 0.0515625 0.065625
5 0.4640625 0.60234375 0.0671875 0.065625
5 0.74765625 0.5828125 0.0640625 0.0765625
5 0.6984375 0.27421875 0.05625 0.071875
5 0.73828125 0.6671875 0.0453125 0.0328125