4 0.42578125 0.38125 0.1140625 0.103125
5 0.03046875 0.50390625 0.059375 0.0703125
5 0.40390625 0.49765625 0.096875 0.140625
4 0.58828125 0.45390625 0.1046875 0.1015625
5 0.43984375 0.92265625 0.065625 0.0875
5 0.5359375 0.8921875 0.0609375 0.0796875
5 0.496875 0.590625 0.0640625 0.0890625
5 0.24921875 0.25859375 0.046875 0.0578125
5 0.296875 0.4421875 0.0578125 0.075
5 0.240625 0.434375 0.05625 0.065625
4 0.325 0.35703125 0.0953125 0.0984375
5 0.6984375 0.65234375 0.0453125 0.0578125
5 0.50859375 0.3484375 0.0609375 0.0578125
5 0.2 0.38359375 0.0484375 0.0625
5 0.22578125 0.8609375 0.0390625 0.0515625
4 0.15703125 0.5640625 0.0796875 0.071875
5 0.70859375 0.59375 0.0515625 0.071875
5 0.303125 0.29375 0.0359375 0.0375
4 0.4546875 0.63515625 0.0578125 0.071875
5 0.47890625 0.33359375 0.0296875 0.0421875
4 0.5296875 0.51796875 0.0453125 0.0515625
4 0.41171875 0.74296875 0.0515625 0.0625
5 0.30078125 0.84609375 0.075 0.0875
4 0.77421875 0.39453125 0.0625 0.0609375
4 0.63984375 0.49453125 0.071875 0.109375
5 0.67578125 0.55859375 0.0703125 0.078125
4 0.7453125 0.47265625 0.09375 0.115625
5 0.828125 0.50625 0.1125 0.0796875
4 0.17578125 0.525 0.0625 0.0515625
5 0.58828125 0.571875 0.0375 0.053125
4 0.54140625 0.7609375 0.065625 0.0875
5 0.55625 0.61640625 0.1390625 0.196875
4 0.6015625 0.85625 0.0859375 0.13125
5 0.65625 0.403125 0.0703125 0.128125
4 0.09140625 0.615625 0.0734375 0.078125
5 0.06640625 0.53125 0.06875 0.0796875
4 0.44453125 0.821875 0.0546875 0.0546875
5 0.5109375 0.8109375 0.0578125 0.0671875
5 0.28125 0.20546875 0.084375 0.090625
4 0.48984375 0.4640625 0.059375 0.0875
5 0.48828125 0.3796875 0.128125 0.0640625
5 0.84140625 0.6375 0.0875 0.1203125
4 0.4453125 0.27734375 0.0453125 0.0703125
4 0.06171875 0.421875 0.0625 0.084375
4 0.2109375 0.29453125 0.0953125 0.1234375