4 0.40234375 0.4 0.1 0.0859375
5 0.04140625 0.6015625 0.046875 0.0625
5 0.40546875 0.51796875 0.071875 0.1296875
4 0.5765625 0.4359375 0.0890625 0.0859375
5 0.52890625 0.9265625 0.0515625 0.0796875
5 0.61640625 0.8765625 0.0484375 0.071875
5 0.515625 0.58984375 0.0484375 0.08125
5 0.2046875 0.31640625 0.0375 0.0515625
5 0.2890625 0.4859375 0.0453125 0.0671875
5 0.2328125 0.48984375 0.046875 0.0578125
4 0.2984375 0.396875 0.0796875 0.084375
5 0.72578125 0.6078125 0.0359375 0.053125
5 0.47734375 0.35 0.053125 0.0484375
5 0.18203125 0.4484375 0.0375 0.05625
5 0.30703125 0.91015625 0.03125 0.046875
4 0.178125 0.634375 0.0703125 0.059375
5 0.7234375 0.5484375 0.0390625 0.065625
5 0.26484375 0.3390625 0.0296875 0.0328125
4 0.484375 0.64140625 0.046875 0.0640625
5 0.44453125 0.34140625 0.0234375 0.0375
4 0.5328125 0.5109375 0.0375 0.0453125
4 0.46484375 0.75625 0.0421875 0.05625
5 0.37734375 0.8796875 0.0609375 0.0765625
4 0.74609375 0.33984375 0.0546875 0.0515625
4 0.6359375 0.465625 0.053125 0.1015625
5 0.68359375 0.5203125 0.0578125 0.06875
4 0.734375 0.421875 0.075 0.103125
5 0.821875 0.4375 0.1046875 0.0609375
4 0.18828125 0.59140625 0.05625 0.040625
5 0.6015625 0.55234375 0.028125 0.0484375
4 0.59453125 0.74609375 0.05 0.08125
5 0.5796875 0.60234375 0.1046875 0.18125
4 0.6734375 0.82734375 0.0625 0.1234375
5 0.6328125 0.37265625 0.0453125 0.1234375
4 0.12421875 0.69765625 0.0609375 0.06875
5 0.08203125 0.6203125 0.05625 0.071875
4 0.5125 0.8265625 0.0453125 0.0453125
5 0.57578125 0.80234375 0.0484375 0.059375
5 0.225 0.2578125 0.0703125 0.0796875
4 0.48203125 0.4671875 0.0453125 0.0796875
5 0.46328125 0.384375 0.1234375 0.0390625
5 0.8625 0.56328125 0.0671875 0.1109375
4 0.4 0.29296875 0.03125 0.0671875
4 0.05546875 0.51484375 0.0484375 0.0765625
4 0.17421875 0.35859375 0.0734375 0.1125