4 0.39921875 0.403125 0.09765625 0.08203125
5 0.0453125 0.6171875 0.0453125 0.0609375
5 0.40625 0.52109375 0.06796875 0.12734375
4 0.57421875 0.43359375 0.08671875 0.0828125
5 0.54375 0.925 0.0484375 0.07734375
5 0.6296875 0.871875 0.0453125 0.07109375
5 0.51875 0.5890625 0.04609375 0.0796875
5 0.1984375 0.3265625 0.03515625 0.05078125
5 0.2890625 0.49296875 0.04375 0.065625
5 0.2328125 0.49921875 0.04453125 0.05625
4 0.2953125 0.40390625 0.07734375 0.08203125
5 0.7296875 0.6 0.03359375 0.0515625
5 0.471875 0.35078125 0.05078125 0.046875
5 0.18046875 0.459375 0.0359375 0.0546875
5 0.32109375 0.91640625 0.0296875 0.0453125
4 0.1828125 0.6453125 0.06875 0.05625
5 0.725 0.540625 0.0375 0.06484375
5 0.259375 0.34765625 0.02890625 0.03125
4 0.4890625 0.6421875 0.04453125 0.0625
5 0.4390625 0.34375 0.021875 0.0375
4 0.5328125 0.51015625 0.0359375 0.04453125
4 0.4734375 0.75703125 0.03984375 0.0546875
5 0.390625 0.88359375 0.0578125 0.075
4 0.740625 0.33125 0.05234375 0.05
4 0.634375 0.4609375 0.04921875 0.1
5 0.684375 0.5140625 0.05625 0.06640625
4 0.73125 0.4140625 0.071875 0.10078125
5 0.81953125 0.4265625 0.10234375 0.05703125
4 0.19140625 0.60234375 0.0546875 0.0390625
5 0.603125 0.5484375 0.0265625 0.04765625
4 0.603125 0.74296875 0.04765625 0.07890625
5 0.5828125 0.59921875 0.0984375 0.178125
4 0.684375 0.82109375 0.05859375 0.12109375
5 0.628125 0.36796875 0.04140625 0.121875
4 0.13125 0.7109375 0.059375 0.06640625
5 0.08671875 0.63515625 0.053125 0.06953125
4 0.52421875 0.82578125 0.04453125 0.04453125
5 0.5859375 0.79921875 0.04609375 0.05703125
5 0.21640625 0.2671875 0.0671875 0.07734375
4 0.48125 0.46796875 0.0421875 0.07890625
5 0.459375 0.3859375 0.12265625 0.03515625
5 0.86484375 0.55078125 0.06328125 0.10859375
4 0.39296875 0.296875 0.0296875 0.065625
4 0.05625 0.53046875 0.04609375 0.075
4 0.16953125 0.3703125 0.0703125 0.11015625