5 0.76328125 0.10703125 0.1046875 0.15625
5 0.8984375 0.40546875 0.1390625 0.2265625
5 0.9453125 0.184375 0.109375 0.115625
4 0.8484375 0.728125 0.034375 0.053125
4 0.81484375 0.72421875 0.034375 0.0453125
4 0.9171875 0.690625 0.0359375 0.05
4 0.83125 0.690625 0.0375 0.053125
5 0.8296875 0.14375 0.0875 0.1265625
4 0.71328125 0.23671875 0.0390625 0.0609375
4 0.91953125 0.11484375 0.0375 0.04375
4 0.65234375 0.60625 0.0390625 0.0546875
4 0.565625 0.25 0.034375 0.0484375
4 0.94453125 0.8671875 0.0328125 0.053125
4 0.6171875 0.27265625 0.0390625 0.0515625
5 0.9546875 0.4890625 0.090625 0.24375
4 0.7765625 0.31796875 0.0390625 0.053125
4 0.784375 0.26328125 0.040625 0.059375
5 0.9671875 0.2375 0.065625 0.11875
4 0.63515625 0.1921875 0.034375 0.046875
4 0.54453125 0.22109375 0.0375 0.046875
4 0.89296875 0.678125 0.0328125 0.0484375
4 0.62109375 0.5671875 0.034375 0.046875
5 0.92265625 0.31015625 0.0640625 0.1375
4 0.746875 0.2375 0.0375 0.053125
5 0.84765625 0.271875 0.1125 0.1921875
5 0.71015625 0.0671875 0.0671875 0.103125
4 0.70625 0.72265625 0.0375 0.0609375
5 0.9125 0.75078125 0.0734375 0.14375
4 0.69765625 0.6734375 0.0359375 0.046875
4 0.62890625 0.3015625 0.040625 0.053125
4 0.65703125 0.51953125 0.0328125 0.046875