5 0.36328125 0.06484375 0.1203125 0.1296875
5 0.14609375 0.29296875 0.1625 0.2375
5 0.15078125 0.0640625 0.1484375 0.128125
4 0.1 0.61640625 0.040625 0.05625
4 0.1328125 0.62265625 0.0390625 0.0484375
4 0.0453125 0.5609375 0.040625 0.053125
4 0.12734375 0.58515625 0.04375 0.05625
5 0.2875 0.06484375 0.1 0.1296875
4 0.37265625 0.18515625 0.0453125 0.0640625
4 0.2109375 0.015625 0.040625 0.03125
4 0.3234375 0.55703125 0.04375 0.0578125
4 0.51015625 0.24140625 0.0390625 0.05
4 0.4546875 0.2484375 0.04375 0.0546875
5 0.0625 0.35546875 0.125 0.2484375
4 0.2890625 0.2453125 0.04375 0.05625
4 0.29765625 0.18984375 0.0453125 0.0625
5 0.115625 0.10859375 0.1078125 0.1265625
4 0.4609375 0.165625 0.0390625 0.05
4 0.5390625 0.21953125 0.0421875 0.05
4 0.071875 0.55546875 0.0390625 0.05
4 0.36484375 0.52890625 0.0390625 0.05
5 0.15078125 0.1953125 0.0796875 0.140625
4 0.340625 0.1765625 0.04375 0.05625
5 0.234375 0.1796875 0.1328125 0.2
5 0.425 0.03984375 0.078125 0.0796875
4 0.2375 0.65234375 0.04375 0.0625
5 0.03828125 0.61953125 0.0765625 0.1484375
4 0.2609375 0.6078125 0.040625 0.05
4 0.43515625 0.27265625 0.046875 0.05625
4 0.34453125 0.47265625 0.0375 0.0484375