5 0.728125 0.0859375 0.0921875 0.1484375
5 0.8890625 0.37109375 0.1203125 0.2171875
5 0.93125 0.14609375 0.1296875 0.10546875
4 0.8671875 0.696875 0.03046875 0.05078125
4 0.83359375 0.69609375 0.03125 0.04296875
4 0.93203125 0.65390625 0.03203125 0.04765625
4 0.846875 0.6609375 0.03359375 0.05
5 0.79765625 0.11640625 0.07734375 0.11953125
4 0.68984375 0.21875 0.034375 0.0578125
4 0.884375 0.0796875 0.03359375 0.040625
4 0.6609375 0.5921875 0.034375 0.0515625
4 0.54375 0.2453125 0.03046875 0.0453125
4 0.975 0.82734375 0.028125 0.05078125
4 0.596875 0.26328125 0.034375 0.0484375
5 0.95859375 0.45 0.08046875 0.2375
4 0.759375 0.29453125 0.034375 0.05
4 0.7625 0.2390625 0.03515625 0.05625
5 0.95703125 0.196875 0.0859375 0.1109375
4 0.6078125 0.18125 0.03125 0.04453125
4 0.5203125 0.21796875 0.034375 0.04375
4 0.90703125 0.64296875 0.0296875 0.0453125
4 0.6265625 0.55625 0.03125 0.04453125
5 0.9046875 0.27421875 0.053125 0.1328125
4 0.7234375 0.2171875 0.03359375 0.05078125
5 0.8265625 0.2421875 0.096875 0.184375
5 0.671875 0.05078125 0.059375 0.0984375
4 0.725 0.70390625 0.03203125 0.0578125
5 0.9328125 0.7140625 0.06171875 0.1390625
4 0.71171875 0.65546875 0.0328125 0.04453125
4 0.6109375 0.29140625 0.03671875 0.05
4 0.6578125 0.50546875 0.0296875 0.04375