5 0.61328125 0.54140625 0.1671875 0.159375
5 0.53671875 0.19609375 0.1375 0.134375
5 0.42890625 0.3578125 0.0515625 0.059375
5 0.51796875 0.52578125 0.0515625 0.0765625
5 0.4578125 0.45703125 0.0625 0.0796875
5 0.32109375 0.6828125 0.05 0.0546875
5 0.6203125 0.48515625 0.0421875 0.0375
5 0.4296875 0.878125 0.0578125 0.0609375
5 0.4046875 0.45078125 0.040625 0.0453125
5 0.26484375 0.82109375 0.0484375 0.0515625
5 0.2609375 0.36796875 0.0453125 0.0515625
5 0.33828125 0.621875 0.0390625 0.0453125
5 0.51640625 0.75390625 0.0296875 0.03125
5 0.3390625 0.4921875 0.0296875 0.0375
5 0.4671875 0.3765625 0.0234375 0.0390625
5 0.72109375 0.4421875 0.084375 0.128125
5 0.41875 0.69609375 0.1328125 0.14375
5 0.2484375 0.70546875 0.096875 0.096875
5 0.615625 0.75703125 0.0609375 0.08125
5 0.671875 0.29140625 0.0953125 0.146875
5 0.278125 0.54609375 0.115625 0.1234375
5 0.58203125 0.15859375 0.0515625 0.0734375
5 0.6140625 0.17265625 0.0671875 0.090625
5 0.33984375 0.3 0.0890625 0.06875
5 0.3640625 0.3109375 0.04375 0.053125
5 0.34921875 0.76328125 0.0640625 0.0671875
5 0.66328125 0.4703125 0.084375 0.1296875
5 0.37578125 0.671875 0.053125 0.06875
5 0.2828125 0.44453125 0.0703125 0.0828125
5 0.38984375 0.52734375 0.128125 0.1296875