5 0.3953125 0.56015625 0.14609375 0.1359375
5 0.4109375 0.20703125 0.11875 0.11484375
5 0.5453125 0.34765625 0.04296875 0.053125
5 0.48671875 0.528125 0.040625 0.0703125
5 0.534375 0.45 0.0515625 0.071875
5 0.7078125 0.64921875 0.0421875 0.04765625
5 0.37890625 0.50625 0.0375 0.03203125
5 0.63515625 0.86015625 0.04921875 0.05390625
5 0.58515625 0.43515625 0.03515625 0.0390625
5 0.7875 0.775 0.04140625 0.0453125
5 0.7125 0.328125 0.0375 0.0453125
5 0.68046875 0.5921875 0.03203125 0.03984375
5 0.528125 0.753125 0.02578125 0.0265625
5 0.65703125 0.4640625 0.02421875 0.03359375
5 0.5109375 0.37265625 0.0171875 0.0359375
5 0.271875 0.48125 0.065625 0.11796875
5 0.6140625 0.67890625 0.11328125 0.12578125
5 0.78359375 0.65859375 0.0828125 0.084375
5 0.43046875 0.7734375 0.0484375 0.07421875
5 0.29453125 0.32421875 0.0734375 0.1359375
5 0.7265625 0.50703125 0.09765625 0.1078125
5 0.36015625 0.178125 0.040625 0.06796875
5 0.33125 0.19765625 0.053125 0.08203125
5 0.62265625 0.275 0.08046875 0.05625
5 0.60078125 0.290625 0.03671875 0.04765625
5 0.69453125 0.7328125 0.05546875 0.05859375
5 0.334375 0.49921875 0.0640625 0.12109375
5 0.65234375 0.64765625 0.04296875 0.0625
5 0.70390625 0.4078125 0.05859375 0.0734375
5 0.61328125 0.5078125 0.1109375 0.11171875