5 0.59921875 0.56875 0.1578125 0.1484375
5 0.6140625 0.215625 0.128125 0.125
5 0.46796875 0.34453125 0.046875 0.05625
5 0.5109375 0.52890625 0.046875 0.0734375
5 0.4703125 0.446875 0.0578125 0.0765625
5 0.2796875 0.63046875 0.046875 0.0515625
5 0.6203125 0.51640625 0.040625 0.0359375
5 0.33359375 0.846875 0.053125 0.0578125
5 0.42109375 0.428125 0.0390625 0.0421875
5 0.18984375 0.74921875 0.0453125 0.0484375
5 0.303125 0.31015625 0.040625 0.0484375
5 0.3125 0.57578125 0.0359375 0.0421875
5 0.45 0.75 0.028125 0.028125
5 0.346875 0.45078125 0.0265625 0.0359375
5 0.5 0.371875 0.0203125 0.0375
5 0.72890625 0.5015625 0.075 0.1234375
5 0.37109375 0.66796875 0.1234375 0.1359375
5 0.20390625 0.63359375 0.090625 0.090625
5 0.5453125 0.778125 0.0546875 0.078125
5 0.7203125 0.34296875 0.084375 0.1421875
5 0.2734375 0.4875 0.10625 0.115625
5 0.6671875 0.19140625 0.046875 0.071875
5 0.69453125 0.21328125 0.059375 0.0859375
5 0.39765625 0.26484375 0.084375 0.0625
5 0.41796875 0.2828125 0.040625 0.05
5 0.2859375 0.71484375 0.0609375 0.0625
5 0.66484375 0.51328125 0.075 0.1265625
5 0.33515625 0.63359375 0.0484375 0.065625
5 0.3046875 0.390625 0.0640625 0.078125
5 0.38671875 0.49765625 0.1203125 0.1203125