5 0.49375 0.19453125 0.1921875 0.128125
5 0.271875 0.43515625 0.2203125 0.1390625
5 0.43203125 0.3 0.1515625 0.1390625
5 0.8296875 0.30703125 0.18125 0.1046875
5 0.5703125 0.36015625 0.253125 0.2640625
5 0.26875 0.534375 0.196875 0.1234375
5 0.7765625 0.44921875 0.1953125 0.1453125
5 0.74609375 0.34296875 0.1421875 0.1140625
5 0.37109375 0.7390625 0.253125 0.2125
5 0.2171875 0.66640625 0.1671875 0.18125
5 0.88203125 0.4140625 0.1546875 0.1671875
5 0.63984375 0.88828125 0.18125 0.171875
5 0.74609375 0.72421875 0.259375 0.190625
5 0.38515625 0.5875 0.25625 0.1671875
5 0.37109375 0.9 0.1859375 0.140625
5 0.78046875 0.9703125 0.1609375 0.059375
5 0.9328125 0.3046875 0.134375 0.146875
5 0.52421875 0.825 0.1796875 0.1390625
5 0.6515625 0.27421875 0.184375 0.140625
5 0.5453125 0.678125 0.2046875 0.2375
5 0.88828125 0.90546875 0.159375 0.1421875
5 0.89375 0.53515625 0.1359375 0.1359375
5 0.9203125 0.85 0.1140625 0.146875
5 0.4921875 0.92734375 0.1578125 0.1375
5 0.96015625 0.43203125 0.0796875 0.1359375
5 0.8765625 0.67265625 0.1015625 0.1171875
5 0.5421875 0.5734375 0.1015625 0.0859375
5 0.7734375 0.89921875 0.1375 0.134375
5 0.940625 0.72734375 0.08125 0.065625