5 0.521875 0.1953125 0.1875 0.11875
5 0.73125 0.44765625 0.215625 0.128125
5 0.578125 0.30390625 0.1453125 0.1328125
5 0.18046875 0.28984375 0.1765625 0.096875
5 0.4375 0.35703125 0.240625 0.253125
5 0.72890625 0.546875 0.1921875 0.1140625
5 0.2265625 0.434375 0.1890625 0.1359375
5 0.2625 0.3296875 0.1375 0.10625
5 0.61640625 0.7453125 0.24375 0.2
5 0.7734375 0.68125 0.159375 0.1734375
5 0.12265625 0.39453125 0.146875 0.159375
5 0.33984375 0.8796875 0.1734375 0.1640625
5 0.2421875 0.7109375 0.2515625 0.178125
5 0.61015625 0.59296875 0.25 0.1546875
5 0.6078125 0.90546875 0.1796875 0.1328125
5 0.19296875 0.96484375 0.1578125 0.0703125
5 0.0703125 0.28203125 0.140625 0.1390625
5 0.45859375 0.8234375 0.1734375 0.1296875
5 0.36015625 0.26640625 0.178125 0.13125
5 0.4453125 0.67578125 0.19375 0.228125
5 0.09140625 0.88515625 0.153125 0.134375
5 0.1046875 0.51484375 0.1296875 0.1296875
5 0.06171875 0.82734375 0.10625 0.1421875
5 0.48515625 0.92734375 0.1515625 0.1296875
5 0.040625 0.4078125 0.08125 0.13125
5 0.115625 0.65234375 0.0953125 0.1125
5 0.45390625 0.57109375 0.0984375 0.08125
5 0.20625 0.884375 0.13125 0.128125
5 0.0484375 0.70390625 0.078125 0.0625