5 0.5328125 0.19609375 0.18359375 0.1125
5 0.7328125 0.45546875 0.2109375 0.12109375
5 0.58515625 0.30703125 0.14140625 0.12734375
5 0.18828125 0.27890625 0.1734375 0.090625
5 0.4421875 0.3546875 0.2328125 0.24453125
5 0.72734375 0.5546875 0.18828125 0.1078125
5 0.22890625 0.425 0.18515625 0.12890625
5 0.26875 0.321875 0.134375 0.10234375
5 0.6078125 0.74921875 0.23671875 0.1921875
5 0.7671875 0.690625 0.15390625 0.16796875
5 0.1265625 0.38125 0.1421875 0.1546875
5 0.3265625 0.87421875 0.16796875 0.15859375
5 0.23515625 0.7015625 0.2453125 0.1703125
5 0.60703125 0.596875 0.24453125 0.146875
5 0.59375 0.909375 0.17578125 0.1265625
5 0.17734375 0.96015625 0.1546875 0.078125
5 0.075 0.2671875 0.14296875 0.134375
5 0.44765625 0.821875 0.16875 0.12421875
5 0.36875 0.26171875 0.1734375 0.12578125
5 0.4390625 0.6734375 0.1859375 0.221875
5 0.078125 0.8703125 0.1484375 0.1296875
5 0.1046875 0.50078125 0.125 0.125
5 0.05078125 0.81171875 0.1015625 0.1390625
5 0.4703125 0.9265625 0.14765625 0.125
5 0.04140625 0.39140625 0.08203125 0.12890625
5 0.11015625 0.6390625 0.0921875 0.109375
5 0.4515625 0.56953125 0.0953125 0.07734375
5 0.19296875 0.87421875 0.1265625 0.1234375
5 0.04140625 0.68828125 0.07578125 0.059375