5 0.55390625 0.7671875 0.159375 0.1609375
5 0.64609375 0.70546875 0.0734375 0.1
5 0.55 0.55234375 0.05625 0.0703125
5 0.3484375 0.60625 0.05625 0.075
5 0.5296875 0.4140625 0.0421875 0.059375
5 0.59296875 0.553125 0.0484375 0.0640625
5 0.25234375 0.7234375 0.053125 0.059375
5 0.5328125 0.5125 0.05 0.0640625
5 0.284375 0.49140625 0.040625 0.0609375
5 0.2109375 0.70859375 0.0453125 0.0546875
5 0.6171875 0.571875 0.0390625 0.05625
5 0.5265625 0.4734375 0.046875 0.059375
5 0.49375 0.46796875 0.0390625 0.0515625
5 0.35 0.4953125 0.0375 0.05
5 0.60234375 0.65 0.053125 0.0609375
5 0.246875 0.4953125 0.034375 0.0484375
5 0.3375 0.68828125 0.25 0.2296875
5 0.5046875 0.71640625 0.153125 0.13125
5 0.471875 0.503125 0.0984375 0.121875
5 0.7078125 0.66484375 0.115625 0.1796875
5 0.1984375 0.5125 0.096875 0.1359375
5 0.1890625 0.63203125 0.0734375 0.103125
5 0.42265625 0.50234375 0.121875 0.1703125
5 0.28125 0.68359375 0.134375 0.09375
5 0.34921875 0.34453125 0.115625 0.134375