5 0.46953125 0.77109375 0.16875 0.1703125
5 0.371875 0.7171875 0.0796875 0.103125
5 0.4546875 0.55703125 0.059375 0.0734375
5 0.66015625 0.59296875 0.0609375 0.078125
5 0.46328125 0.4171875 0.0453125 0.0609375
5 0.41171875 0.5609375 0.053125 0.065625
5 0.765625 0.7015625 0.0578125 0.0609375
5 0.46875 0.51484375 0.0546875 0.065625
5 0.7140625 0.47265625 0.0453125 0.0625
5 0.80625 0.6828125 0.0484375 0.0578125
5 0.3890625 0.58203125 0.04375 0.0578125
5 0.47109375 0.4765625 0.05 0.0609375
5 0.503125 0.4671875 0.0421875 0.053125
5 0.64921875 0.48203125 0.040625 0.0515625
5 0.4109375 0.6578125 0.05625 0.0640625
5 0.7515625 0.47265625 0.0375 0.05
5 0.678125 0.6734375 0.2625 0.2453125
5 0.5140625 0.71640625 0.159375 0.140625
5 0.528125 0.50078125 0.10625 0.1265625
5 0.30703125 0.6828125 0.128125 0.184375
5 0.8015625 0.48671875 0.10625 0.140625
5 0.821875 0.6046875 0.08125 0.10625
5 0.57734375 0.4953125 0.134375 0.175
5 0.73359375 0.6640625 0.1390625 0.103125
5 0.63671875 0.33203125 0.125 0.140625