5 0.59921875 0.75390625 0.1375 0.13984375
5 0.6796875 0.6765625 0.0578125 0.090625
5 0.55859375 0.54296875 0.0453125 0.06328125
5 0.36953125 0.63125 0.04453125 0.06875
5 0.5140625 0.41015625 0.0328125 0.0546875
5 0.60078125 0.5359375 0.0390625 0.0578125
5 0.2953125 0.76328125 0.0453125 0.0515625
5 0.534375 0.50625 0.040625 0.0578125
5 0.2859375 0.52890625 0.03203125 0.05625
5 0.2515625 0.75546875 0.03671875 0.04921875
5 0.628125 0.55078125 0.03046875 0.05234375
5 0.521875 0.46953125 0.03828125 0.053125
5 0.48828125 0.46953125 0.03125 0.046875
5 0.3515625 0.52109375 0.0296875 0.04609375
5 0.6265625 0.6296875 0.04375 0.05390625
5 0.25 0.5390625 0.0265625 0.04453125
5 0.37265625 0.71328125 0.21953125 0.1953125
5 0.5421875 0.7125 0.1359375 0.109375
5 0.47265625 0.5078125 0.08046875 0.11015625
5 0.73359375 0.6265625 0.0875 0.1671875
5 0.20546875 0.56484375 0.0765625 0.125
5 0.21640625 0.684375 0.0578125 0.0953125
5 0.42421875 0.515625 0.096875 0.15546875
5 0.31640625 0.71875 0.12421875 0.0734375
5 0.32421875 0.3734375 0.096875 0.11953125