5 0.26015625 0.5328125 0.12578125 0.17109375
5 0.503125 0.4546875 0.14765625 0.1546875
5 0.76953125 0.534375 0.1828125 0.1828125
5 0.63046875 0.6046875 0.190625 0.18359375
5 0.67109375 0.353125 0.22890625 0.1296875
5 0.66875 0.45234375 0.18515625 0.134375
5 0.540625 0.69609375 0.2046875 0.1640625
5 0.30703125 0.7046875 0.15 0.1875
5 0.38984375 0.61640625 0.159375 0.165625
5 0.40703125 0.5 0.128125 0.17578125
5 0.42421875 0.72734375 0.2109375 0.13515625
5 0.5265625 0.3453125 0.24609375 0.1234375
5 0.49609375 0.5671875 0.10078125 0.08828125