5 0.7421875 0.49453125 0.1515625 0.1890625
5 0.48984375 0.45546875 0.1703125 0.1765625
5 0.2390625 0.57578125 0.209375 0.209375
5 0.3875 0.6234375 0.2171875 0.2109375
5 0.3078125 0.38203125 0.246875 0.1640625
5 0.32578125 0.4796875 0.203125 0.1609375
5 0.490625 0.7 0.228125 0.19375
5 0.72265625 0.671875 0.178125 0.209375
5 0.62734375 0.59765625 0.1828125 0.1890625
5 0.5921875 0.48515625 0.1546875 0.19375
5 0.61015625 0.7125 0.2296875 0.1671875
5 0.44921875 0.3515625 0.2625 0.1609375
5 0.5140625 0.565625 0.1140625 0.103125