5 0.7265625 0.5859375 0.1609375 0.1953125
5 0.50703125 0.45546875 0.178125 0.184375
5 0.2296875 0.47265625 0.21875 0.21875
5 0.34921875 0.57265625 0.2265625 0.221875
5 0.36640625 0.31875 0.2515625 0.178125
5 0.34609375 0.415625 0.2109375 0.171875
5 0.41640625 0.68203125 0.2359375 0.20625
5 0.6421875 0.74296875 0.1890625 0.2171875
5 0.58125 0.63828125 0.1921875 0.196875
5 0.590625 0.52109375 0.1640625 0.2
5 0.52265625 0.73828125 0.2359375 0.1796875
5 0.50859375 0.34296875 0.2671875 0.175
5 0.4890625 0.56640625 0.11875 0.109375