5 0.65390625 0.72578125 0.0640625 0.05
5 0.65 0.6375 0.0640625 0.0515625
5 0.33671875 0.7609375 0.0609375 0.0484375
5 0.73671875 0.490625 0.0546875 0.04375
5 0.76171875 0.67421875 0.046875 0.0421875
5 0.5796875 0.8171875 0.065625 0.040625
5 0.31484375 0.49765625 0.0515625 0.040625
0 0.84609375 0.62734375 0.1484375 0.10625
5 0.36171875 0.728125 0.0484375 0.04375
5 0.58046875 0.5359375 0.0640625 0.046875
5 0.43359375 0.5421875 0.059375 0.040625
5 0.34453125 0.68671875 0.053125 0.046875
5 0.77421875 0.5484375 0.0515625 0.046875
0 0.23359375 0.66328125 0.1484375 0.134375
5 0.5078125 0.69921875 0.0578125 0.040625
5 0.3390625 0.42421875 0.05 0.0484375
5 0.54765625 0.6734375 0.046875 0.0328125
5 0.396875 0.54921875 0.0390625 0.034375
5 0.2984375 0.78515625 0.046875 0.0359375
5 0.37578125 0.6078125 0.0359375 0.0328125
5 0.35 0.79765625 0.0640625 0.0515625
5 0.684375 0.56484375 0.0421875 0.0453125
5 0.6671875 0.44765625 0.0484375 0.0359375
5 0.453125 0.4890625 0.04375 0.034375
0 0.5984375 0.7296875 0.103125 0.128125
5 0.675 0.48671875 0.0546875 0.0421875
5 0.4265625 0.6953125 0.0390625 0.034375
0 0.4859375 0.4296875 0.1578125 0.1203125
5 0.59765625 0.6234375 0.0453125 0.0453125
5 0.61015625 0.6625 0.05625 0.0453125
5 0.39375 0.7703125 0.0578125 0.046875
5 0.6734375 0.68515625 0.0671875 0.0453125
5 0.403125 0.71484375 0.046875 0.040625
5 0.478125 0.55 0.04375 0.040625