5 0.62109375 0.7453125 0.059375 0.0421875
5 0.6296875 0.65703125 0.059375 0.04296875
5 0.3015625 0.7359375 0.05625 0.04140625
5 0.7359375 0.5234375 0.05 0.03671875
5 0.73515625 0.70859375 0.04140625 0.03671875
5 0.53515625 0.825 0.0609375 0.0328125
5 0.3171875 0.471875 0.046875 0.034375
0 0.825 0.67421875 0.13671875 0.08828125
5 0.33125 0.70703125 0.04375 0.0375
5 0.575 0.546875 0.05859375 0.0390625
5 0.428125 0.5328125 0.0546875 0.0328125
5 0.3203125 0.66328125 0.0484375 0.040625
5 0.76484375 0.5859375 0.04609375 0.040625
0 0.21328125 0.62421875 0.13359375 0.11640625
5 0.4796875 0.6984375 0.053125 0.0328125
5 0.3515625 0.40234375 0.04453125 0.04296875
5 0.5234375 0.678125 0.04375 0.0265625
5 0.39140625 0.534375 0.03515625 0.0296875
5 0.2609375 0.7546875 0.04296875 0.0296875
5 0.36171875 0.5890625 0.0328125 0.028125
5 0.31015625 0.77421875 0.05859375 0.04375
5 0.6734375 0.58984375 0.03671875 0.03984375
5 0.67265625 0.47109375 0.0453125 0.03046875
5 0.45546875 0.4828125 0.040625 0.02890625
0 0.565625 0.74140625 0.0875 0.1171875
5 0.675 0.5109375 0.05 0.0359375
5 0.4 0.6828125 0.03515625 0.0296875
0 0.49609375 0.428125 0.14453125 0.1015625
5 0.5796875 0.6359375 0.040625 0.03984375
5 0.58671875 0.6765625 0.0515625 0.0390625
5 0.35703125 0.753125 0.053125 0.03984375
5 0.64609375 0.7078125 0.0625 0.03671875
5 0.37421875 0.69921875 0.0421875 0.034375
5 0.47109375 0.54609375 0.0390625 0.03515625