5 0.66171875 0.7203125 0.065625 0.0515625
5 0.6546875 0.63203125 0.065625 0.053125
5 0.3453125 0.7671875 0.0625 0.05
5 0.73671875 0.48203125 0.05625 0.0453125
5 0.76796875 0.66484375 0.046875 0.04375
5 0.59140625 0.8140625 0.065625 0.0421875
5 0.31484375 0.50390625 0.0515625 0.0421875
0 0.85 0.61484375 0.15 0.1109375
5 0.36953125 0.7328125 0.05 0.04375
5 0.58203125 0.5328125 0.0640625 0.0484375
5 0.43515625 0.54453125 0.059375 0.0421875
5 0.3515625 0.6921875 0.0546875 0.0484375
5 0.77578125 0.53828125 0.053125 0.0484375
0 0.2390625 0.671875 0.1515625 0.1375
5 0.51484375 0.69921875 0.0578125 0.0421875
5 0.33671875 0.4296875 0.0515625 0.05
5 0.55390625 0.67109375 0.0484375 0.034375
5 0.39921875 0.55234375 0.0390625 0.0359375
5 0.30859375 0.7921875 0.046875 0.0359375
5 0.37890625 0.61171875 0.0375 0.0328125
5 0.3609375 0.803125 0.065625 0.053125
5 0.68671875 0.55859375 0.04375 0.0453125
5 0.66484375 0.44140625 0.05 0.0375
5 0.453125 0.490625 0.0453125 0.0359375
0 0.60625 0.7265625 0.10625 0.13125
5 0.67421875 0.48046875 0.05625 0.04375
5 0.43359375 0.69765625 0.0390625 0.0359375
0 0.48359375 0.4296875 0.159375 0.125
5 0.60234375 0.6203125 0.046875 0.046875
5 0.61640625 0.65859375 0.0578125 0.046875
5 0.403125 0.77421875 0.059375 0.0484375
5 0.6796875 0.67890625 0.0671875 0.046875
5 0.4109375 0.71796875 0.046875 0.040625
5 0.4796875 0.55078125 0.0453125 0.040625