3 0.2046875 0.346875 0.20390625 0.1625
3 0.93125 0.54921875 0.13671875 0.22265625
3 0.365625 0.69921875 0.15625 0.16875
3 0.66015625 0.41875 0.15234375 0.16328125
3 0.39765625 0.50078125 0.15859375 0.2140625
3 0.8125 0.58515625 0.09609375 0.1390625
3 0.51328125 0.6890625 0.1875 0.14609375
3 0.696875 0.61875 0.1796875 0.26875
3 0.50390625 0.5078125 0.14921875 0.178125
3 0.534375 0.35 0.165625 0.0796875
3 0.58515625 0.8359375 0.23203125 0.13828125
3 0.584375 0.44609375 0.1046875 0.13515625
3 0.36875 0.42578125 0.11328125 0.14921875
3 0.29609375 0.57421875 0.10234375 0.11640625
3 0.77109375 0.4828125 0.09140625 0.075
3 0.4484375 0.340625 0.05859375 0.08984375