3 0.80078125 0.35703125 0.209375 0.16875
3 0.06953125 0.53359375 0.1390625 0.2265625
3 0.62734375 0.70390625 0.1625 0.1734375
3 0.34296875 0.41328125 0.1578125 0.16875
3 0.60234375 0.5046875 0.165625 0.21875
3 0.184375 0.57421875 0.1015625 0.1421875
3 0.48046875 0.68828125 0.1921875 0.153125
3 0.29921875 0.61171875 0.1890625 0.275
3 0.49609375 0.5078125 0.1546875 0.1828125
3 0.47109375 0.34921875 0.16875 0.0859375
3 0.403125 0.8328125 0.2359375 0.146875
3 0.4171875 0.44296875 0.109375 0.1390625
3 0.63359375 0.43046875 0.11875 0.153125
3 0.7015625 0.58125 0.10625 0.1203125
3 0.2296875 0.4734375 0.09375 0.078125
3 0.55703125 0.3421875 0.0609375 0.0921875