3 0.178125 0.4171875 0.2359375 0.2046875
3 0.91953125 0.45078125 0.1609375 0.2484375
3 0.4140625 0.72421875 0.190625 0.2
3 0.6375 0.38515625 0.1859375 0.19375
3 0.40078125 0.5234375 0.203125 0.24375
3 0.8234375 0.5125 0.125 0.1578125
3 0.55546875 0.68125 0.215625 0.184375
3 0.71875 0.57109375 0.2359375 0.3015625
3 0.50546875 0.50703125 0.1859375 0.2078125
3 0.5 0.34609375 0.1796875 0.115625
3 0.65859375 0.8078125 0.2578125 0.1875
3 0.5703125 0.428125 0.1328125 0.1546875
3 0.35546875 0.45703125 0.14375 0.1703125
3 0.31796875 0.61796875 0.1265625 0.1359375
3 0.76015625 0.42265625 0.10625 0.09375
3 0.4140625 0.35625 0.0765625 0.1