5 0.52421875 0.40859375 0.059375 0.071875
5 0.61640625 0.4265625 0.05703125 0.05078125
5 0.68359375 0.38046875 0.10546875 0.07421875
5 0.40859375 0.39921875 0.07578125 0.06484375
5 0.55234375 0.51796875 0.071875 0.04609375
5 0.39296875 0.48125 0.090625 0.06171875
5 0.34921875 0.67421875 0.0875 0.0640625
5 0.41953125 0.55234375 0.11484375 0.10546875
5 0.50703125 0.32421875 0.06484375 0.04375
5 0.65078125 0.66015625 0.07265625 0.0484375
5 0.30078125 0.66171875 0.0640625 0.075
5 0.296875 0.353125 0.0421875 0.059375
5 0.321875 0.45546875 0.06875 0.05390625
5 0.7375 0.5203125 0.04765625 0.053125
5 0.58984375 0.46796875 0.0515625 0.04140625
5 0.60234375 0.24609375 0.05546875 0.0421875
5 0.528125 0.70625 0.13125 0.06640625
5 0.68125 0.7734375 0.0921875 0.07109375
5 0.5546875 0.56328125 0.059375 0.0484375
5 0.53984375 0.4703125 0.0375 0.04453125
5 0.2890625 0.6328125 0.04609375 0.04453125
5 0.33671875 0.4109375 0.040625 0.034375
5 0.6640625 0.509375 0.06484375 0.05703125
5 0.5203125 0.58046875 0.0578125 0.040625
5 0.44375 0.7671875 0.04140625 0.03984375
5 0.37890625 0.62265625 0.06328125 0.04765625
5 0.52421875 0.6390625 0.07578125 0.05234375
5 0.43046875 0.634375 0.0421875 0.04609375
5 0.38359375 0.57265625 0.078125 0.0265625
5 0.2625 0.36484375 0.0453125 0.03828125
5 0.52421875 0.615625 0.053125 0.0359375
5 0.646875 0.70390625 0.0625 0.05078125
5 0.5765625 0.5984375 0.04765625 0.040625
5 0.54609375 0.796875 0.06953125 0.040625
5 0.3953125 0.27578125 0.05390625 0.0359375
5 0.42265625 0.30078125 0.0515625 0.05078125
5 0.68828125 0.46875 0.05703125 0.05625
5 0.65859375 0.44453125 0.071875 0.04140625
5 0.6 0.6703125 0.0421875 0.0421875
5 0.4453125 0.3859375 0.040625 0.02265625
5 0.52734375 0.6796875 0.04453125 0.0234375
5 0.21484375 0.59140625 0.03828125 0.0203125
5 0.715625 0.67890625 0.05234375 0.0421875