5 0.51953125 0.4078125 0.0625 0.075
5 0.6125 0.4203125 0.059375 0.053125
5 0.67734375 0.37109375 0.109375 0.0796875
5 0.403125 0.40390625 0.0796875 0.06875
5 0.553125 0.51484375 0.0734375 0.05
5 0.3921875 0.48671875 0.09375 0.065625
5 0.35859375 0.68203125 0.090625 0.06875
5 0.42265625 0.55625 0.1203125 0.1109375
5 0.49765625 0.32421875 0.0671875 0.046875
5 0.65859375 0.65234375 0.075 0.0515625
5 0.309375 0.671875 0.0671875 0.078125
5 0.28984375 0.3640625 0.0453125 0.0609375
5 0.31953125 0.46484375 0.071875 0.0578125
5 0.73828125 0.5078125 0.05 0.05625
5 0.58828125 0.46328125 0.053125 0.04375
5 0.5890625 0.24140625 0.0578125 0.0453125
5 0.5390625 0.7046875 0.134375 0.0734375
5 0.6953125 0.76328125 0.0953125 0.0765625
5 0.5578125 0.56015625 0.0625 0.0515625
5 0.53828125 0.46796875 0.0390625 0.046875
5 0.29609375 0.64375 0.0484375 0.046875
5 0.33203125 0.41953125 0.0421875 0.0359375
5 0.6640625 0.50078125 0.0671875 0.0609375
5 0.52421875 0.57890625 0.059375 0.04375
5 0.4578125 0.76953125 0.04375 0.0421875
5 0.38515625 0.62890625 0.065625 0.0515625
5 0.53125 0.6375 0.078125 0.05625
5 0.4375 0.6375 0.0453125 0.0484375
5 0.3875 0.57890625 0.0796875 0.03125
5 0.25546875 0.37734375 0.046875 0.040625
5 0.53046875 0.6140625 0.0546875 0.0390625
5 0.65703125 0.69609375 0.065625 0.0546875
5 0.58125 0.59453125 0.05 0.04375
5 0.56171875 0.79375 0.071875 0.04375
5 0.38359375 0.28125 0.05625 0.0390625
5 0.4125 0.30546875 0.0546875 0.053125
5 0.68671875 0.45859375 0.059375 0.059375
5 0.65546875 0.4359375 0.0734375 0.0453125
5 0.60859375 0.66484375 0.04375 0.04375
5 0.4390625 0.3890625 0.0421875 0.025
5 0.53671875 0.678125 0.0453125 0.025
5 0.2203125 0.60625 0.0390625 0.021875
5 0.725 0.6671875 0.0546875 0.0453125