5 0.47421875 0.409375 0.0609375 0.0734375
5 0.38203125 0.42890625 0.0578125 0.0515625
5 0.3140625 0.38359375 0.10625 0.0765625
5 0.58984375 0.39765625 0.0765625 0.065625
5 0.44765625 0.51875 0.0734375 0.046875
5 0.60703125 0.4796875 0.0921875 0.0640625
5 0.65390625 0.671875 0.0890625 0.065625
5 0.58125 0.55078125 0.1171875 0.1078125
5 0.48984375 0.32421875 0.065625 0.0453125
5 0.35234375 0.6625 0.0734375 0.05
5 0.70234375 0.65859375 0.065625 0.0765625
5 0.70078125 0.34921875 0.04375 0.059375
5 0.67734375 0.45234375 0.0703125 0.0546875
5 0.26328125 0.52421875 0.0484375 0.0546875
5 0.409375 0.46953125 0.0515625 0.0421875
5 0.39296875 0.24765625 0.05625 0.04375
5 0.47578125 0.70703125 0.1328125 0.06875
5 0.3234375 0.7765625 0.09375 0.0734375
5 0.44609375 0.5640625 0.0609375 0.05
5 0.459375 0.47109375 0.0375 0.0453125
5 0.71328125 0.62890625 0.046875 0.0453125
5 0.66171875 0.4078125 0.040625 0.034375
5 0.3359375 0.5125 0.065625 0.0578125
5 0.48125 0.58046875 0.0578125 0.0421875
5 0.5609375 0.76640625 0.0421875 0.040625
5 0.6234375 0.6203125 0.0640625 0.0484375
5 0.478125 0.63984375 0.0765625 0.053125
5 0.571875 0.6328125 0.04375 0.046875
5 0.61796875 0.5703125 0.078125 0.028125
5 0.73515625 0.3609375 0.0453125 0.0390625
5 0.478125 0.61640625 0.053125 0.0375
5 0.35703125 0.70625 0.0640625 0.0515625
5 0.425 0.6 0.0484375 0.0421875
5 0.459375 0.79765625 0.0703125 0.0421875
5 0.60078125 0.27421875 0.0546875 0.0375
5 0.57421875 0.29921875 0.053125 0.0515625
5 0.3109375 0.471875 0.0578125 0.0578125
5 0.340625 0.44765625 0.071875 0.0421875
5 0.403125 0.671875 0.0421875 0.0421875
5 0.55234375 0.38515625 0.040625 0.0234375
5 0.47578125 0.68046875 0.0453125 0.0234375
5 0.78671875 0.58671875 0.0390625 0.0203125
5 0.2875 0.6828125 0.053125 0.04375