5 0.5078125 0.6421875 0.046875 0.04375
5 0.3546875 0.44453125 0.0484375 0.0421875
5 0.35 0.49375 0.0453125 0.0359375
5 0.334375 0.41640625 0.0421875 0.0359375
5 0.31875 0.515625 0.04375 0.0328125
5 0.484375 0.6625 0.0375 0.0296875
5 0.43046875 0.53046875 0.04375 0.0359375
5 0.33125 0.56484375 0.0359375 0.0328125
5 0.50078125 0.40078125 0.046875 0.0328125
5 0.478125 0.32109375 0.0453125 0.040625
5 0.62109375 0.496875 0.05 0.0421875
5 0.49921875 0.34453125 0.0515625 0.0390625
5 0.52890625 0.59921875 0.040625 0.0328125
5 0.55859375 0.5421875 0.053125 0.040625
5 0.61953125 0.5359375 0.05 0.0421875
5 0.3546875 0.60859375 0.03125 0.0296875
5 0.6109375 0.5734375 0.0453125 0.040625
5 0.57578125 0.60078125 0.040625 0.028125
5 0.39375 0.42890625 0.0421875 0.034375
5 0.5046875 0.43046875 0.0546875 0.040625
5 0.4078125 0.571875 0.0453125 0.03125
5 0.65859375 0.50078125 0.0421875 0.0390625
5 0.4375 0.41484375 0.0421875 0.03125
5 0.47734375 0.5375 0.0453125 0.040625
5 0.4796875 0.5671875 0.04375 0.0296875
5 0.6296875 0.4109375 0.0453125 0.0390625
5 0.57421875 0.57265625 0.0421875 0.0359375
5 0.51875 0.38203125 0.05 0.0359375
5 0.47265625 0.36796875 0.0375 0.0296875
5 0.634375 0.38046875 0.0421875 0.03125
5 0.5828125 0.3890625 0.040625 0.0359375
5 0.4203125 0.49921875 0.0421875 0.034375
5 0.628125 0.46484375 0.046875 0.0359375
5 0.5796875 0.43125 0.0484375 0.040625
5 0.31328125 0.596875 0.028125 0.0234375
5 0.3984375 0.53359375 0.0390625 0.0390625
5 0.509375 0.5453125 0.0390625 0.0359375
5 0.4484375 0.4796875 0.0421875 0.034375
5 0.4421875 0.55546875 0.0390625 0.03125
5 0.671875 0.53828125 0.0296875 0.028125
5 0.5890625 0.35625 0.0375 0.03125
5 0.45625 0.51015625 0.040625 0.034375
5 0.53359375 0.56875 0.0390625 0.0328125
5 0.68515625 0.47265625 0.05 0.040625
5 0.5265625 0.3203125 0.028125 0.0234375
5 0.39296875 0.40390625 0.03125 0.0234375
5 0.46484375 0.396875 0.0375 0.0328125
5 0.56328125 0.334375 0.028125 0.0265625
5 0.659375 0.44453125 0.04375 0.028125
5 0.534375 0.3609375 0.0359375 0.025
5 0.52890625 0.46796875 0.0515625 0.0453125
5 0.43203125 0.3890625 0.03125 0.0296875
5 0.56328125 0.46328125 0.04375 0.0375
5 0.3890625 0.59765625 0.03125 0.0234375
5 0.58046875 0.51015625 0.046875 0.0421875
5 0.478125 0.4609375 0.0421875 0.0359375
5 0.5234375 0.50859375 0.040625 0.034375
5 0.54921875 0.62578125 0.0296875 0.025
5 0.59375 0.47109375 0.0390625 0.034375
5 0.5625 0.37734375 0.0390625 0.028125
5 0.37734375 0.553125 0.0265625 0.021875
5 0.32109375 0.478125 0.0234375 0.0234375
5 0.44453125 0.35390625 0.0265625 0.025
5 0.41796875 0.44296875 0.0375 0.034375
5 0.5546875 0.490625 0.0375 0.028125
5 0.61015625 0.603125 0.034375 0.0234375
5 0.55234375 0.40859375 0.0390625 0.0296875
5 0.48984375 0.4953125 0.0421875 0.0375
5 0.2953125 0.54375 0.028125 0.0203125
5 0.62265625 0.353125 0.0234375 0.0234375
5 0.38125 0.51171875 0.0265625 0.0234375
5 0.53828125 0.43203125 0.0359375 0.0359375
5 0.490625 0.5203125 0.0328125 0.021875
5 0.37578125 0.3875 0.021875 0.0171875
5 0.49375 0.59453125 0.028125 0.0265625