5 0.48515625 0.64140625 0.0453125 0.0421875
5 0.64765625 0.45234375 0.04609375 0.0390625
5 0.65 0.5015625 0.04296875 0.034375
5 0.66953125 0.425 0.040625 0.034375
5 0.68046875 0.525 0.0421875 0.03125
5 0.50703125 0.66328125 0.03671875 0.02734375
5 0.56796875 0.534375 0.0421875 0.034375
5 0.66484375 0.5734375 0.03359375 0.03125
5 0.5046875 0.40078125 0.04609375 0.03046875
5 0.53125 0.32265625 0.04375 0.0390625
5 0.37890625 0.490625 0.04765625 0.0390625
5 0.50859375 0.34453125 0.05 0.0359375
5 0.465625 0.59765625 0.03984375 0.03046875
5 0.4390625 0.5390625 0.0515625 0.0375
5 0.37890625 0.5296875 0.04765625 0.03984375
5 0.6390625 0.61640625 0.03046875 0.02890625
5 0.38515625 0.5671875 0.04296875 0.03828125
5 0.41875 0.596875 0.03984375 0.0265625
5 0.61015625 0.434375 0.040625 0.0328125
5 0.49921875 0.43046875 0.053125 0.0375
5 0.58828125 0.5765625 0.04375 0.02890625
5 0.34140625 0.4921875 0.040625 0.0375
5 0.5671875 0.41796875 0.040625 0.02890625
5 0.5203125 0.53828125 0.04375 0.03828125
5 0.51640625 0.56796875 0.0421875 0.028125
5 0.375 0.40390625 0.04296875 0.03671875
5 0.421875 0.56875 0.03984375 0.034375
5 0.4875 0.38125 0.04765625 0.03359375
5 0.534375 0.36953125 0.03671875 0.028125
5 0.371875 0.3734375 0.04140625 0.02890625
5 0.4234375 0.38515625 0.0390625 0.03359375
5 0.5796875 0.503125 0.03984375 0.0328125
5 0.37421875 0.4578125 0.04453125 0.034375
5 0.42421875 0.42734375 0.04609375 0.03828125
5 0.68125 0.60625 0.0265625 0.02265625
5 0.6 0.5390625 0.03671875 0.0375
5 0.48828125 0.54453125 0.0375 0.03359375
5 0.55234375 0.48203125 0.03984375 0.03203125
5 0.5546875 0.55859375 0.0375 0.02890625
5 0.3265625 0.52890625 0.028125 0.02734375
5 0.41875 0.3515625 0.0359375 0.0296875
5 0.54296875 0.5125 0.03828125 0.0328125
5 0.4625 0.5671875 0.0375 0.03046875
5 0.31640625 0.46328125 0.04765625 0.03828125
5 0.4828125 0.31953125 0.02734375 0.02265625
5 0.61171875 0.409375 0.03046875 0.02109375
5 0.540625 0.39921875 0.03671875 0.03046875
5 0.4453125 0.33125 0.02734375 0.025
5 0.34375 0.4359375 0.0421875 0.0265625
5 0.47265625 0.359375 0.03515625 0.02265625
5 0.47265625 0.46640625 0.05 0.0421875
5 0.5734375 0.39296875 0.03046875 0.028125
5 0.4390625 0.46015625 0.0421875 0.03515625
5 0.60546875 0.603125 0.0296875 0.021875
5 0.41875 0.50625 0.0453125 0.040625
5 0.52421875 0.4625 0.040625 0.03359375
5 0.47578125 0.50703125 0.03828125 0.0328125
5 0.44453125 0.6234375 0.02890625 0.0234375
5 0.4078125 0.46640625 0.0375 0.0328125
5 0.44375 0.37421875 0.0375 0.0265625
5 0.61953125 0.559375 0.02578125 0.02109375
5 0.6796875 0.4875 0.02265625 0.021875
5 0.56328125 0.35703125 0.025 0.02421875
5 0.58515625 0.44765625 0.0359375 0.03203125
5 0.44609375 0.4875 0.03671875 0.02578125
5 0.384375 0.596875 0.0328125 0.021875
5 0.45234375 0.40625 0.03828125 0.028125
5 0.51015625 0.49609375 0.040625 0.03515625
5 0.70234375 0.5546875 0.0265625 0.01953125
5 0.38515625 0.346875 0.02265625 0.021875
5 0.61796875 0.51796875 0.025 0.02265625
5 0.465625 0.43046875 0.03359375 0.03359375
5 0.50859375 0.52109375 0.03125 0.0203125
5 0.6296875 0.39453125 0.0203125 0.015625
5 0.5015625 0.59453125 0.0265625 0.025