5 0.4609375 0.63671875 0.0515625 0.05
5 0.65390625 0.47890625 0.0515625 0.046875
5 0.64765625 0.52734375 0.0484375 0.040625
5 0.6796875 0.45546875 0.0453125 0.040625
5 0.6734375 0.55625 0.046875 0.0375
5 0.47890625 0.66171875 0.040625 0.0328125
5 0.5609375 0.5453125 0.046875 0.040625
5 0.64921875 0.60078125 0.0390625 0.0359375
5 0.521875 0.403125 0.05 0.0375
5 0.56171875 0.33046875 0.05 0.0453125
5 0.38203125 0.46953125 0.053125 0.046875
5 0.53515625 0.3484375 0.05625 0.04375
5 0.44921875 0.58984375 0.04375 0.0375
5 0.43359375 0.528125 0.0578125 0.0453125
5 0.37578125 0.50859375 0.053125 0.046875
5 0.61640625 0.6390625 0.034375 0.034375
5 0.375 0.54609375 0.0484375 0.0453125
5 0.403125 0.58125 0.04375 0.0328125
5 0.61953125 0.4546875 0.0453125 0.0390625
5 0.5109375 0.43125 0.059375 0.046875
5 0.5734375 0.590625 0.0484375 0.0359375
5 0.3453125 0.46484375 0.046875 0.04375
5 0.58046875 0.43125 0.0453125 0.0359375
5 0.51328125 0.54140625 0.05 0.0453125
5 0.5046875 0.56953125 0.046875 0.034375
5 0.39375 0.38359375 0.0484375 0.04375
5 0.4109375 0.55390625 0.0453125 0.040625
5 0.50859375 0.38125 0.053125 0.040625
5 0.55625 0.37734375 0.040625 0.034375
5 0.39609375 0.353125 0.0453125 0.0359375
5 0.44453125 0.3734375 0.04375 0.040625
5 0.578125 0.5171875 0.0453125 0.0390625
5 0.38359375 0.43671875 0.05 0.0421875
5 0.43828125 0.415625 0.0515625 0.0453125
5 0.66015625 0.6359375 0.0296875 0.0265625
5 0.59140625 0.55546875 0.0421875 0.04375
5 0.48046875 0.5421875 0.0421875 0.0390625
5 0.5546875 0.49140625 0.0453125 0.0390625
5 0.54375 0.5671875 0.0421875 0.034375
5 0.32421875 0.4984375 0.0328125 0.03125
5 0.44609375 0.33984375 0.040625 0.0359375
5 0.53984375 0.51953125 0.04375 0.0390625
5 0.4515625 0.559375 0.0421875 0.0359375
5 0.32578125 0.43203125 0.053125 0.0453125
5 0.5140625 0.31953125 0.03125 0.0265625
5 0.62578125 0.43046875 0.034375 0.0265625
5 0.5578125 0.4078125 0.0421875 0.0359375
5 0.47578125 0.32421875 0.03125 0.0296875
5 0.35703125 0.41015625 0.046875 0.0328125
5 0.49765625 0.35703125 0.0390625 0.028125
5 0.47890625 0.4625 0.05625 0.05
5 0.590625 0.40703125 0.034375 0.0328125
5 0.446875 0.45 0.046875 0.0421875
5 0.5859375 0.61953125 0.0328125 0.0265625
5 0.41875 0.4921875 0.0515625 0.0484375
5 0.53046875 0.4671875 0.0453125 0.040625
5 0.475 0.50234375 0.04375 0.0390625
5 0.42421875 0.61171875 0.0328125 0.028125
5 0.41484375 0.45078125 0.0421875 0.0390625
5 0.46640625 0.36640625 0.0421875 0.0328125
5 0.60703125 0.57890625 0.0296875 0.025
5 0.67890625 0.51875 0.0265625 0.025
5 0.5875 0.3703125 0.028125 0.028125
5 0.59296875 0.46328125 0.040625 0.0375
5 0.44921875 0.478125 0.040625 0.03125
5 0.36953125 0.575 0.0359375 0.0265625
5 0.46953125 0.39921875 0.0421875 0.034375
5 0.5109375 0.49765625 0.046875 0.0421875
5 0.68984375 0.5890625 0.0296875 0.0234375
5 0.41328125 0.32890625 0.0265625 0.025
5 0.61328125 0.53828125 0.028125 0.0265625
5 0.478125 0.42578125 0.0390625 0.0390625
5 0.5046875 0.521875 0.034375 0.025
5 0.64609375 0.41875 0.0234375 0.01875
5 0.48515625 0.59375 0.03125 0.0296875