4 0.471875 0.7453125 0.0875 0.1046875
4 0.38359375 0.75 0.1078125 0.1171875
4 0.784375 0.6828125 0.08125 0.0796875
4 0.65078125 0.7296875 0.0734375 0.08125
4 0.534375 0.77109375 0.071875 0.084375
4 0.47265625 0.34609375 0.1 0.0890625
4 0.14453125 0.5859375 0.0625 0.0921875
4 0.834375 0.640625 0.075 0.0859375
4 0.7125 0.5546875 0.06875 0.0796875
4 0.6140625 0.6359375 0.0828125 0.1359375
4 0.60859375 0.5375 0.0984375 0.09375
4 0.3125 0.77265625 0.075 0.0578125
4 0.2234375 0.73125 0.0625 0.053125
4 0.503125 0.55078125 0.075 0.0875
4 0.18671875 0.64921875 0.0734375 0.071875
4 0.76796875 0.37578125 0.0734375 0.0796875
4 0.43359375 0.66640625 0.0796875 0.065625
4 0.5078125 0.415625 0.0796875 0.096875
4 0.725 0.47421875 0.065625 0.0640625
4 0.19921875 0.61015625 0.046875 0.046875
4 0.54453125 0.321875 0.0640625 0.0828125
4 0.3765625 0.27265625 0.053125 0.071875
4 0.1890625 0.7015625 0.0609375 0.05625
4 0.8671875 0.46484375 0.05625 0.0515625
4 0.8203125 0.5328125 0.0640625 0.0609375
4 0.83671875 0.3765625 0.05 0.065625
4 0.62421875 0.32734375 0.0421875 0.06875
4 0.94609375 0.6890625 0.06875 0.0765625
4 0.67109375 0.6140625 0.0578125 0.071875