4 0.528125 0.7453125 0.0875 0.1046875
4 0.61640625 0.75 0.1078125 0.1171875
4 0.215625 0.6828125 0.08125 0.0796875
4 0.34921875 0.7296875 0.0734375 0.08125
4 0.465625 0.77109375 0.071875 0.084375
4 0.52734375 0.34609375 0.1 0.0890625
4 0.85546875 0.5859375 0.0625 0.0921875
4 0.165625 0.640625 0.075 0.0859375
4 0.2875 0.5546875 0.06875 0.0796875
4 0.3859375 0.6359375 0.0828125 0.1359375
4 0.39140625 0.5375 0.0984375 0.09375
4 0.6875 0.77265625 0.075 0.0578125
4 0.7765625 0.73125 0.0625 0.053125
4 0.496875 0.55078125 0.075 0.0875
4 0.81328125 0.64921875 0.0734375 0.071875
4 0.23203125 0.37578125 0.0734375 0.0796875
4 0.56640625 0.66640625 0.0796875 0.065625
4 0.4921875 0.415625 0.0796875 0.096875
4 0.275 0.47421875 0.065625 0.0640625
4 0.80078125 0.61015625 0.046875 0.046875
4 0.45546875 0.321875 0.0640625 0.0828125
4 0.6234375 0.27265625 0.053125 0.071875
4 0.8109375 0.7015625 0.0609375 0.05625
4 0.1328125 0.46484375 0.05625 0.0515625
4 0.1796875 0.5328125 0.0640625 0.0609375
4 0.16328125 0.3765625 0.05 0.065625
4 0.37578125 0.32734375 0.0421875 0.06875
4 0.05390625 0.6890625 0.06875 0.0765625
4 0.32890625 0.6140625 0.0578125 0.071875