4 0.5109375 0.746875 0.0734375 0.09375
4 0.42421875 0.76484375 0.09296875 0.10390625
4 0.809375 0.6359375 0.071875 0.06875
4 0.68515625 0.703125 0.0625 0.071875
4 0.5765625 0.7625 0.06015625 0.0765625
4 0.44921875 0.35234375 0.08984375 0.0765625
4 0.1625 0.640625 0.04921875 0.08515625
4 0.85234375 0.58671875 0.06328125 0.0765625
4 0.71875 0.52109375 0.0578125 0.071875
4 0.63359375 0.61640625 0.0640625 0.128125
4 0.61328125 0.5203125 0.0859375 0.08203125
4 0.3578125 0.7984375 0.06875 0.046875
4 0.26328125 0.771875 0.05546875 0.04453125
4 0.5109375 0.55 0.0640625 0.07890625
4 0.2140625 0.69609375 0.06484375 0.06171875
4 0.7453125 0.33515625 0.0625 0.0703125
4 0.46015625 0.675 0.07265625 0.0546875
4 0.49453125 0.415625 0.0671875 0.0875
4 0.71796875 0.4390625 0.0578125 0.05625
4 0.2203125 0.65546875 0.040625 0.04140625
4 0.51640625 0.3171875 0.05234375 0.075
4 0.3421875 0.29453125 0.04375 0.06640625
4 0.22421875 0.74765625 0.0546875 0.0484375
4 0.85703125 0.4078125 0.04921875 0.04453125
4 0.82109375 0.48203125 0.05703125 0.05234375
4 0.81328125 0.32578125 0.040625 0.06015625
4 0.5953125 0.31015625 0.0328125 0.06484375
4 0.9703125 0.6171875 0.059375 0.06796875
4 0.68671875 0.5859375 0.04765625 0.06484375