5 0.8171875 0.778125 0.14375 0.121875
5 0.86328125 0.7125 0.0921875 0.0734375
5 0.84375 0.61640625 0.0796875 0.071875
5 0.41015625 0.72578125 0.1015625 0.10625
5 0.63984375 0.68671875 0.121875 0.103125
5 0.0609375 0.596875 0.0859375 0.071875
5 0.6984375 0.8625 0.1265625 0.11875
5 0.69921875 0.56640625 0.0703125 0.0875
5 0.54375 0.5671875 0.065625 0.0875
5 0.603125 0.62578125 0.1171875 0.0796875
5 0.43828125 0.69140625 0.0703125 0.084375
5 0.93359375 0.5859375 0.0609375 0.1
5 0.51796875 0.37265625 0.0859375 0.1015625
5 0.1640625 0.62734375 0.0875 0.11875
5 0.953125 0.51484375 0.09375 0.1078125
5 0.221875 0.434375 0.0671875 0.115625
5 0.47578125 0.309375 0.09375 0.084375
5 0.49609375 0.81015625 0.096875 0.1546875
5 0.22265625 0.5234375 0.0515625 0.090625
5 0.61015625 0.73671875 0.1 0.078125
5 0.07109375 0.68828125 0.046875 0.0484375
5 0.75390625 0.5859375 0.0859375 0.1
5 0.15703125 0.49375 0.08125 0.084375
5 0.73984375 0.70859375 0.0640625 0.059375
5 0.90078125 0.4921875 0.0609375 0.0546875
5 0.24765625 0.41796875 0.075 0.1046875
5 0.6703125 0.403125 0.046875 0.046875
5 0.9 0.5125 0.0421875 0.053125
5 0.490625 0.44609375 0.06875 0.0546875