5 0.75859375 0.83359375 0.1265625 0.09921875
5 0.815625 0.778125 0.0828125 0.05859375
5 0.815625 0.6796875 0.06953125 0.06015625
5 0.36875 0.7046875 0.08515625 0.0921875
5 0.6015625 0.71015625 0.1078125 0.08359375
5 0.05078125 0.51171875 0.0765625 0.05859375
5 0.62578125 0.89375 0.11015625 0.09921875
5 0.6828125 0.603125 0.05703125 0.07734375
5 0.53046875 0.57421875 0.05078125 0.0796875
5 0.57734375 0.64296875 0.10703125 0.06015625
5 0.403125 0.67578125 0.05625 0.07578125
5 0.909375 0.6671875 0.04375 0.09375
5 0.5421875 0.378125 0.06953125 0.08984375
5 0.14609375 0.5609375 0.06875 0.10703125
5 0.94375 0.60234375 0.0828125 0.09375
5 0.2390625 0.3828125 0.04765625 0.10859375
5 0.5125 0.30859375 0.08203125 0.06953125
5 0.43671875 0.80390625 0.0703125 0.14375
5 0.2234375 0.4703125 0.03515625 0.0859375
5 0.56328125 0.753125 0.08984375 0.06171875
5 0.04296875 0.603125 0.03984375 0.0421875
5 0.7328125 0.6328125 0.0703125 0.08828125
5 0.16484375 0.428125 0.06875 0.071875
5 0.6953125 0.75078125 0.05625 0.05
5 0.8953125 0.56875 0.05234375 0.04609375
5 0.26796875 0.37109375 0.05859375 0.0953125
5 0.6859375 0.4375 0.0390625 0.040625
5 0.890625 0.58828125 0.03359375 0.04765625
5 0.50078125 0.4453125 0.0609375 0.04453125