5 0.22421875 0.81953125 0.13125 0.10625
5 0.1703125 0.7609375 0.0859375 0.0625
5 0.17578125 0.66328125 0.071875 0.0640625
5 0.6203125 0.7109375 0.090625 0.096875
5 0.3875 0.7046875 0.1125 0.0890625
5 0.94765625 0.53515625 0.0796875 0.0625
5 0.35390625 0.88671875 0.115625 0.1046875
5 0.31171875 0.59375 0.0609375 0.0796875
5 0.465625 0.57265625 0.0546875 0.0828125
5 0.415625 0.6390625 0.109375 0.065625
5 0.5875 0.68046875 0.059375 0.078125
5 0.0828125 0.6453125 0.0484375 0.0953125
5 0.4640625 0.37578125 0.0734375 0.09375
5 0.85 0.5796875 0.075 0.1109375
5 0.0515625 0.57890625 0.0875 0.0984375
5 0.76640625 0.396875 0.053125 0.1109375
5 0.49765625 0.3078125 0.0859375 0.0734375
5 0.54765625 0.80703125 0.078125 0.146875
5 0.778125 0.48515625 0.0390625 0.0875
5 0.4234375 0.74921875 0.0921875 0.065625
5 0.95078125 0.6265625 0.0421875 0.04375
5 0.2609375 0.6203125 0.075 0.0921875
5 0.83828125 0.44609375 0.071875 0.075
5 0.2921875 0.73984375 0.059375 0.053125
5 0.1015625 0.54765625 0.0546875 0.0484375
5 0.73828125 0.38359375 0.0640625 0.0984375
5 0.31796875 0.428125 0.040625 0.0421875
5 0.10546875 0.56796875 0.0359375 0.05
5 0.50234375 0.4453125 0.0625 0.0484375