5 0.56171875 0.821875 0.190625 0.140625
5 0.24375 0.5328125 0.146875 0.0953125
5 0.3484375 0.75078125 0.11875 0.08359375
5 0.2546875 0.740625 0.1328125 0.10546875
5 0.3640625 0.6453125 0.11171875 0.10390625
5 0.25546875 0.6390625 0.1328125 0.1109375
5 0.1734375 0.6984375 0.0953125 0.0765625
5 0.69609375 0.75546875 0.0984375 0.1015625
5 0.765625 0.7109375 0.09453125 0.12890625
5 0.1609375 0.60625 0.10625 0.0953125
5 0.59765625 0.68125 0.115625 0.0953125
5 0.54375 0.4796875 0.1375 0.0859375
5 0.365625 0.4015625 0.0953125 0.1171875
5 0.61015625 0.56328125 0.125 0.14609375
5 0.4421875 0.8046875 0.1109375 0.1
5 0.6890625 0.67109375 0.09140625 0.0765625
5 0.45546875 0.49375 0.109375 0.1109375
5 0.475 0.39921875 0.1390625 0.09296875
5 0.640625 0.45390625 0.14609375 0.12734375
5 0.73359375 0.5484375 0.12734375 0.12109375
5 0.48984375 0.7390625 0.1203125 0.08828125
5 0.39765625 0.5328125 0.09921875 0.09453125
5 0.60078125 0.35703125 0.13203125 0.0953125
5 0.69453125 0.609375 0.11015625 0.096875
5 0.18046875 0.51640625 0.12734375 0.0796875
5 0.7015625 0.40078125 0.11484375 0.0828125
5 0.7859375 0.44296875 0.1046875 0.1015625
5 0.4828125 0.6234375 0.153125 0.15625
5 0.31796875 0.334375 0.15234375 0.08515625
5 0.7765625 0.634375 0.1015625 0.0734375
5 0.240625 0.44375 0.08203125 0.07890625
5 0.48515625 0.34453125 0.1515625 0.06640625
5 0.34609375 0.49609375 0.0875 0.07109375
5 0.29375 0.42421875 0.065625 0.1140625
5 0.53984375 0.31015625 0.078125 0.05234375
5 0.4109375 0.5953125 0.08359375 0.06796875
5 0.5828125 0.74140625 0.11015625 0.05390625
5 0.4375 0.6890625 0.06484375 0.05625