5 0.49921875 0.828125 0.2140625 0.175
5 0.2421875 0.48359375 0.1625 0.121875
5 0.303125 0.7171875 0.1328125 0.1046875
5 0.21328125 0.6890625 0.15 0.128125
5 0.3390625 0.61640625 0.1296875 0.1234375
5 0.23359375 0.58984375 0.1515625 0.134375
5 0.14140625 0.6328125 0.1078125 0.09375
5 0.64375 0.78828125 0.115625 0.11875
5 0.7203125 0.7578125 0.1171875 0.1453125
5 0.146875 0.53984375 0.121875 0.1140625
5 0.5609375 0.696875 0.13125 0.115625
5 0.546875 0.48828125 0.1515625 0.1109375
5 0.38671875 0.37734375 0.115625 0.1328125
5 0.59609375 0.5828125 0.15 0.1671875
5 0.38515625 0.78828125 0.128125 0.11875
5 0.653125 0.70390625 0.1046875 0.0921875
5 0.4578125 0.48515625 0.128125 0.1296875
5 0.49453125 0.39609375 0.1546875 0.1171875
5 0.646875 0.48125 0.1671875 0.153125
5 0.7203125 0.5921875 0.1484375 0.14375
5 0.44453125 0.7328125 0.134375 0.109375
5 0.39296875 0.5125 0.115625 0.1125
5 0.6265625 0.37890625 0.1484375 0.11875
5 0.6703125 0.64453125 0.1265625 0.115625
5 0.18359375 0.45546875 0.140625 0.103125
5 0.71640625 0.44140625 0.128125 0.103125
5 0.79140625 0.4984375 0.121875 0.1203125
5 0.459375 0.61796875 0.1796875 0.1828125
5 0.353125 0.30234375 0.165625 0.1125
5 0.74609375 0.684375 0.1140625 0.0921875
5 0.25625 0.3953125 0.0953125 0.09375
5 0.51484375 0.34453125 0.1609375 0.09375
5 0.35 0.4671875 0.1 0.0859375
5 0.31171875 0.3859375 0.0859375 0.125
5 0.575 0.32109375 0.0859375 0.065625
5 0.39453125 0.5765625 0.0953125 0.0828125
5 0.53515625 0.753125 0.11875 0.0734375
5 0.40234375 0.6734375 0.075 0.0671875