5 0.6375 0.79765625 0.21875 0.1828125
5 0.259375 0.59375 0.165625 0.128125
5 0.41328125 0.7796875 0.1359375 0.109375
5 0.3203125 0.79296875 0.1546875 0.134375
5 0.403125 0.67421875 0.1328125 0.128125
5 0.29609375 0.69375 0.15625 0.1390625
5 0.23125 0.771875 0.1109375 0.096875
5 0.75234375 0.70078125 0.1203125 0.121875
5 0.80859375 0.640625 0.1234375 0.1484375
5 0.196875 0.68515625 0.1265625 0.11875
5 0.63828125 0.65234375 0.1359375 0.1203125
5 0.5375 0.46953125 0.1546875 0.1171875
5 0.34609375 0.43671875 0.1203125 0.1375
5 0.621875 0.534375 0.15625 0.171875
5 0.51796875 0.809375 0.13125 0.1234375
5 0.725 0.6203125 0.1078125 0.096875
5 0.45546875 0.5046875 0.1328125 0.134375
5 0.4515625 0.40859375 0.1578125 0.1234375
5 0.625 0.42109375 0.171875 0.159375
5 0.73828125 0.490625 0.153125 0.1484375
5 0.54765625 0.734375 0.1375 0.1140625
5 0.40859375 0.55625 0.11875 0.115625
5 0.56328125 0.33671875 0.1515625 0.125
5 0.71484375 0.559375 0.1296875 0.1203125
5 0.19375 0.59296875 0.1421875 0.1078125
5 0.671875 0.3546875 0.13125 0.1078125
5 0.76328125 0.37578125 0.1265625 0.1234375
5 0.51328125 0.62421875 0.1859375 0.1890625
5 0.28359375 0.38359375 0.16875 0.11875
5 0.80078125 0.56328125 0.115625 0.0953125
5 0.234375 0.5078125 0.0984375 0.096875
5 0.44765625 0.353125 0.1625 0.1015625
5 0.35 0.53359375 0.1015625 0.090625
5 0.28125 0.4765625 0.090625 0.1265625
5 0.49296875 0.30625 0.0890625 0.0703125
5 0.43671875 0.6140625 0.096875 0.0859375
5 0.6390625 0.7140625 0.1203125 0.0796875
5 0.48515625 0.6984375 0.0765625 0.0703125