4 0.615625 0.3890625 0.0921875 0.084375
4 0.553125 0.371875 0.078125 0.1109375
4 0.47890625 0.42421875 0.0546875 0.040625
4 0.76484375 0.325 0.065625 0.0625
4 0.3890625 0.2578125 0.0890625 0.1
4 0.19453125 0.44453125 0.053125 0.0671875
4 0.325 0.4375 0.06875 0.071875
4 0.49140625 0.2578125 0.05 0.0609375
4 0.1625 0.44921875 0.0609375 0.0671875
4 0.39140625 0.3921875 0.05 0.0734375
4 0.7171875 0.30234375 0.0453125 0.0578125
4 0.346875 0.409375 0.046875 0.046875
4 0.6828125 0.2984375 0.034375 0.0546875
4 0.46015625 0.2359375 0.08125 0.096875
4 0.54765625 0.2171875 0.05625 0.06875
4 0.22578125 0.415625 0.0640625 0.084375
4 0.49765625 0.40625 0.0484375 0.053125
4 0.4234375 0.21796875 0.0359375 0.0375
4 0.5046875 0.28828125 0.0828125 0.11875