4 0.3640625 0.415625 0.07890625 0.06875
4 0.42109375 0.3859375 0.05859375 0.10078125
4 0.5046875 0.421875 0.04921875 0.03046875
4 0.2046875 0.38359375 0.05625 0.05234375
4 0.5578125 0.23984375 0.07265625 0.08671875
4 0.7875 0.38203125 0.04140625 0.06015625
4 0.6578125 0.40234375 0.05703125 0.0609375
4 0.4578125 0.26171875 0.0390625 0.0546875
4 0.81953125 0.38046875 0.04921875 0.05859375
4 0.58359375 0.371875 0.03671875 0.0671875
4 0.24609375 0.3515625 0.03515625 0.0515625
4 0.63125 0.3796875 0.0390625 0.03984375
4 0.27890625 0.340625 0.02421875 0.05
4 0.484375 0.23359375 0.0640625 0.0859375
4 0.39453125 0.23359375 0.04453125 0.06015625
4 0.75078125 0.36015625 0.0484375 0.0765625
4 0.4828125 0.4078125 0.0390625 0.04609375
4 0.51640625 0.2078125 0.03046875 0.03203125
4 0.4515625 0.29375 0.0609375 0.10859375