4 0.37734375 0.39765625 0.0875 0.0796875
4 0.4375 0.37578125 0.071875 0.1078125
4 0.515625 0.4234375 0.053125 0.0375
4 0.2234375 0.34375 0.0625 0.059375
4 0.59375 0.25078125 0.084375 0.0953125
4 0.80078125 0.4234375 0.05 0.065625
4 0.66953125 0.425 0.065625 0.06875
4 0.49140625 0.2578125 0.046875 0.059375
4 0.8328125 0.42578125 0.05625 0.065625
4 0.60078125 0.384375 0.0453125 0.071875
4 0.26953125 0.31796875 0.0421875 0.05625
4 0.646875 0.39921875 0.04375 0.0453125
4 0.303125 0.31171875 0.03125 0.053125
4 0.521875 0.234375 0.075 0.09375
4 0.4328125 0.221875 0.053125 0.065625
4 0.76796875 0.39609375 0.059375 0.0828125
4 0.49609375 0.40625 0.0453125 0.0515625
4 0.55703125 0.21328125 0.034375 0.0359375
4 0.48046875 0.2890625 0.075 0.115625