5 0.73984375 0.44140625 0.09140625 0.11015625
5 0.2578125 0.60859375 0.0421875 0.065625
4 0.575 0.53828125 0.07421875 0.046875
5 0.7 0.321875 0.0578125 0.04609375
5 0.5671875 0.49921875 0.0578125 0.0359375
5 0.8234375 0.60390625 0.04921875 0.0640625
5 0.3859375 0.29765625 0.04921875 0.059375
5 0.53984375 0.3234375 0.05625 0.04375
5 0.5828125 0.4234375 0.0765625 0.04453125
4 0.63046875 0.51640625 0.078125 0.06328125
4 0.50546875 0.31796875 0.04140625 0.03203125
4 0.4546875 0.484375 0.06015625 0.071875
5 0.32421875 0.33984375 0.06875 0.059375
5 0.63359375 0.70234375 0.0609375 0.05625
4 0.5109375 0.58984375 0.06953125 0.06796875
4 0.50703125 0.49375 0.05546875 0.08515625
4 0.5640625 0.44609375 0.0640625 0.065625
4 0.4515625 0.37421875 0.0796875 0.06796875
4 0.7296875 0.696875 0.0328125 0.03984375
4 0.5125 0.65703125 0.02734375 0.03984375