5 0.25703125 0.45859375 0.0984375 0.115625
5 0.74921875 0.59140625 0.046875 0.06875
4 0.428125 0.54375 0.0765625 0.0515625
5 0.28828125 0.3359375 0.0609375 0.05
5 0.4328125 0.50390625 0.0609375 0.040625
5 0.184375 0.6265625 0.053125 0.0671875
5 0.6 0.28984375 0.053125 0.0625
5 0.44765625 0.3265625 0.059375 0.046875
5 0.41171875 0.4296875 0.0796875 0.05
4 0.37109375 0.52578125 0.0828125 0.06875
4 0.48203125 0.31875 0.04375 0.034375
4 0.54375 0.48125 0.065625 0.0765625
5 0.6640625 0.328125 0.0734375 0.0640625
5 0.38046875 0.7109375 0.0640625 0.0609375
4 0.4953125 0.590625 0.0734375 0.071875
4 0.4921875 0.49453125 0.0609375 0.0890625
4 0.43203125 0.45078125 0.06875 0.0703125
4 0.53984375 0.37109375 0.084375 0.0734375
4 0.284375 0.7125 0.0359375 0.0421875
4 0.4984375 0.6578125 0.0296875 0.0421875