3 0.2234375 0.4921875 0.13984375 0.215625
3 0.64375 0.52265625 0.1453125 0.25703125
3 0.4140625 0.621875 0.234375 0.2015625
3 0.54609375 0.30078125 0.11875 0.1546875
3 0.47109375 0.459375 0.15859375 0.165625
3 0.734375 0.4203125 0.2234375 0.253125
3 0.53984375 0.1828125 0.1203125 0.128125
3 0.6765625 0.34765625 0.13125 0.12265625
3 0.4109375 0.31484375 0.20078125 0.19921875
3 0.33984375 0.4421875 0.109375 0.115625
3 0.5609375 0.61953125 0.18203125 0.1875
3 0.23828125 0.36328125 0.1203125 0.11015625
3 0.34921875 0.51640625 0.11015625 0.09609375