3 0.22734375 0.45390625 0.16875 0.2328125
3 0.6390625 0.5421875 0.1796875 0.275
3 0.39765625 0.60859375 0.259375 0.2328125
3 0.5734375 0.309375 0.1390625 0.1703125
3 0.47734375 0.45546875 0.1796875 0.1859375
3 0.74296875 0.45390625 0.25625 0.28125
3 0.58359375 0.19140625 0.1375 0.14375
3 0.69609375 0.3734375 0.146875 0.1390625
3 0.4375 0.30390625 0.2265625 0.225
3 0.34921875 0.4203125 0.125 0.1296875
3 0.54375 0.6265625 0.20625 0.2109375
3 0.26015625 0.328125 0.134375 0.1265625
3 0.3484375 0.4953125 0.121875 0.1109375