3 0.77265625 0.5453125 0.178125 0.2390625
3 0.3546875 0.49453125 0.1921875 0.2796875
3 0.5609375 0.6359375 0.26875 0.2421875
3 0.49296875 0.2953125 0.1453125 0.175
3 0.5359375 0.465625 0.1875 0.1921875
3 0.28515625 0.37734375 0.2671875 0.290625
3 0.52109375 0.18125 0.1421875 0.1484375
3 0.35546875 0.31640625 0.1515625 0.1453125
3 0.62265625 0.33515625 0.234375 0.234375
3 0.66796875 0.4734375 0.1296875 0.134375
3 0.4171875 0.60546875 0.2140625 0.21875
3 0.7828125 0.415625 0.1390625 0.13125
3 0.64453125 0.54453125 0.1265625 0.115625