5 0.5375 0.465625 0.0359375 0.0453125
5 0.521875 0.30390625 0.04921875 0.04453125
5 0.46953125 0.37265625 0.05859375 0.0421875
5 0.4234375 0.48515625 0.04453125 0.0484375
5 0.50078125 0.41328125 0.0375 0.05546875
5 0.45546875 0.4296875 0.04609375 0.05703125
5 0.725 0.4390625 0.03359375 0.05234375
5 0.490625 0.6359375 0.04921875 0.053125
5 0.603125 0.4015625 0.0578125 0.05546875
5 0.71796875 0.47734375 0.03828125 0.05546875
5 0.6140625 0.29453125 0.02109375 0.02890625
5 0.57265625 0.58359375 0.06484375 0.0515625
5 0.6890625 0.42578125 0.0515625 0.06171875
5 0.5109375 0.46015625 0.03515625 0.03984375
5 0.75234375 0.54609375 0.03671875 0.0453125
5 0.38125 0.45 0.0328125 0.04765625
5 0.70703125 0.521875 0.04765625 0.04140625
5 0.6703125 0.3125 0.04453125 0.0484375
5 0.51015625 0.2546875 0.04296875 0.06171875
5 0.59921875 0.3234375 0.05078125 0.06015625
5 0.46640625 0.540625 0.071875 0.08203125
5 0.5484375 0.65546875 0.0359375 0.06328125
5 0.5515625 0.55625 0.03671875 0.0640625
5 0.53125 0.61875 0.0515625 0.0453125
5 0.55 0.3765625 0.0453125 0.0359375
5 0.66328125 0.40390625 0.046875 0.059375
5 0.54921875 0.3390625 0.0421875 0.0453125
4 0.68046875 0.4859375 0.01953125 0.0140625
5 0.50703125 0.36875 0.0375 0.0359375
5 0.44453125 0.3765625 0.03125 0.034375
5 0.34765625 0.4421875 0.040625 0.0375
5 0.4609375 0.30703125 0.05625 0.0453125
5 0.62421875 0.353125 0.0375 0.03828125
5 0.42421875 0.5390625 0.025 0.03125
5 0.465625 0.4796875 0.0515625 0.046875
4 0.52421875 0.51484375 0.0171875 0.01953125
5 0.56484375 0.4625 0.03515625 0.0546875
5 0.62578125 0.475 0.02578125 0.04453125
5 0.46484375 0.33359375 0.05546875 0.03984375
4 0.54140625 0.546875 0.0125 0.01875
5 0.66484375 0.51953125 0.05703125 0.06484375
5 0.478125 0.25078125 0.05859375 0.0609375
5 0.49140625 0.4390625 0.03359375 0.059375
5 0.39296875 0.57421875 0.0515625 0.05
5 0.41015625 0.41953125 0.04453125 0.04296875
5 0.59765625 0.63046875 0.05234375 0.053125
4 0.6375 0.31328125 0.01796875 0.01640625
5 0.65234375 0.571875 0.0484375 0.053125
5 0.5015625 0.4859375 0.02734375 0.0296875
5 0.5671875 0.2859375 0.04453125 0.05078125
4 0.54296875 0.5 0.0171875 0.02109375