5 0.54453125 0.47578125 0.0453125 0.053125
5 0.56875 0.31484375 0.0578125 0.0546875
5 0.5015625 0.36875 0.0671875 0.0546875
5 0.4296875 0.4671875 0.0546875 0.0578125
5 0.521875 0.41640625 0.05 0.0625
5 0.4734375 0.42109375 0.0578125 0.0671875
5 0.7328125 0.4953125 0.0453125 0.059375
5 0.4578125 0.6296875 0.0609375 0.0640625
5 0.62421875 0.4296875 0.06875 0.0671875
5 0.7171875 0.53046875 0.05 0.0625
5 0.66015625 0.328125 0.028125 0.0328125
5 0.55 0.5984375 0.075 0.065625
5 0.7015625 0.4734375 0.065625 0.071875
5 0.5203125 0.4640625 0.04375 0.046875
5 0.73359375 0.60546875 0.046875 0.053125
5 0.396875 0.42265625 0.04375 0.0546875
5 0.6953125 0.57109375 0.05625 0.0515625
5 0.7109375 0.359375 0.0546875 0.0578125
5 0.56953125 0.2640625 0.05625 0.0703125
5 0.6390625 0.35234375 0.0640625 0.0703125
5 0.4578125 0.53125 0.0890625 0.096875
5 0.509375 0.6625 0.05 0.0703125
5 0.53671875 0.5671875 0.0515625 0.0703125
5 0.5015625 0.62265625 0.0609375 0.05625
5 0.578125 0.3921875 0.053125 0.0453125
5 0.68203125 0.44609375 0.059375 0.06875
5 0.58671875 0.35546875 0.0515625 0.0546875
4 0.678125 0.5296875 0.021875 0.01875
5 0.53828125 0.37421875 0.0453125 0.04375
5 0.47578125 0.3671875 0.0390625 0.040625
5 0.36640625 0.40703125 0.0484375 0.046875
5 0.50859375 0.303125 0.065625 0.0578125
5 0.65625 0.3875 0.0453125 0.046875
5 0.4171875 0.51953125 0.03125 0.0359375
5 0.471875 0.471875 0.0609375 0.0578125
4 0.51953125 0.5203125 0.021875 0.0234375
5 0.571875 0.4796875 0.046875 0.0609375
5 0.628125 0.50625 0.0359375 0.05
5 0.50625 0.3296875 0.0640625 0.0515625
4 0.52890625 0.55546875 0.0171875 0.021875
5 0.65546875 0.55859375 0.0703125 0.0765625
5 0.5390625 0.253125 0.071875 0.0734375
5 0.50625 0.4390625 0.046875 0.065625
5 0.378125 0.54609375 0.0625 0.0609375
5 0.43203125 0.4 0.053125 0.053125
5 0.56328125 0.65 0.0640625 0.0640625
4 0.67890625 0.35234375 0.021875 0.0203125
5 0.63046875 0.60625 0.059375 0.0625
5 0.5046875 0.48671875 0.034375 0.0359375
5 0.6171875 0.30859375 0.05625 0.059375
4 0.54140625 0.51015625 0.021875 0.025