5 0.5359375 0.4640625 0.0375 0.046875
5 0.51484375 0.303125 0.05 0.046875
5 0.46484375 0.3734375 0.059375 0.04375
5 0.42265625 0.4875 0.046875 0.05
5 0.49765625 0.41328125 0.0390625 0.05625
5 0.453125 0.43125 0.0484375 0.059375
5 0.72265625 0.43125 0.0359375 0.053125
5 0.4953125 0.6359375 0.0515625 0.0546875
5 0.6 0.39765625 0.059375 0.0578125
5 0.7171875 0.46953125 0.040625 0.05625
5 0.60703125 0.290625 0.021875 0.0296875
5 0.57578125 0.58125 0.0671875 0.053125
5 0.68671875 0.41953125 0.053125 0.0640625
5 0.509375 0.46015625 0.0359375 0.040625
5 0.75390625 0.5375 0.0375 0.046875
5 0.3796875 0.45390625 0.034375 0.0484375
5 0.7078125 0.51484375 0.0484375 0.04375
5 0.66328125 0.30703125 0.046875 0.05
5 0.5015625 0.2546875 0.0453125 0.0625
5 0.59296875 0.3203125 0.053125 0.0625
5 0.46796875 0.54140625 0.075 0.084375
5 0.55390625 0.65390625 0.0375 0.0640625
5 0.553125 0.5546875 0.0390625 0.065625
5 0.53515625 0.61796875 0.053125 0.046875
5 0.5453125 0.375 0.046875 0.0375
5 0.66015625 0.3984375 0.0484375 0.0609375
5 0.54375 0.3375 0.04375 0.046875
4 0.6796875 0.4796875 0.0203125 0.0140625
5 0.50234375 0.36875 0.0390625 0.0375
5 0.440625 0.37890625 0.0328125 0.0359375
5 0.34609375 0.44765625 0.0421875 0.0390625
5 0.45390625 0.30859375 0.0578125 0.046875
5 0.61875 0.34921875 0.0390625 0.0390625
5 0.42578125 0.54140625 0.0265625 0.0328125
5 0.46484375 0.48125 0.053125 0.0484375
4 0.525 0.5140625 0.0171875 0.0203125
5 0.56328125 0.46015625 0.0375 0.05625
5 0.625 0.4703125 0.0265625 0.0453125
5 0.459375 0.33515625 0.05625 0.0421875
4 0.54296875 0.5453125 0.0125 0.01875
5 0.665625 0.5140625 0.059375 0.0671875
5 0.46953125 0.2515625 0.0609375 0.0625
5 0.4890625 0.4390625 0.0359375 0.0609375
5 0.3953125 0.578125 0.053125 0.0515625
5 0.40703125 0.42265625 0.0453125 0.04375
5 0.60234375 0.62734375 0.0546875 0.0546875
4 0.63125 0.30859375 0.01875 0.0171875
5 0.6546875 0.56640625 0.05 0.0546875
5 0.50078125 0.4859375 0.028125 0.03125
5 0.559375 0.28359375 0.046875 0.0515625
4 0.54296875 0.4984375 0.0171875 0.021875