4 0.6359375 0.4734375 0.05625 0.0609375
4 0.4859375 0.66328125 0.0375 0.0296875
4 0.6234375 0.34921875 0.071875 0.05625
4 0.70078125 0.415625 0.0921875 0.08125
4 0.43359375 0.34765625 0.05625 0.06875
4 0.5609375 0.590625 0.040625 0.034375
4 0.55625 0.4765625 0.034375 0.0375
4 0.596875 0.265625 0.0515625 0.0609375
4 0.5375 0.3734375 0.034375 0.0359375
4 0.703125 0.3515625 0.0609375 0.0578125
4 0.3796875 0.41875 0.04375 0.05
4 0.759375 0.45234375 0.0515625 0.046875
4 0.45625 0.50234375 0.0578125 0.0484375
4 0.725 0.49921875 0.0453125 0.0421875
4 0.59921875 0.43046875 0.0625 0.0734375
4 0.6359375 0.53359375 0.0546875 0.05625
4 0.55390625 0.334375 0.0453125 0.0453125
4 0.42421875 0.43671875 0.0296875 0.0375
4 0.50625 0.4734375 0.0671875 0.1171875
4 0.6515625 0.59140625 0.0359375 0.03125
4 0.55234375 0.41328125 0.034375 0.0296875
4 0.58125 0.55 0.075 0.10625
4 0.67734375 0.48671875 0.0421875 0.0484375
4 0.41484375 0.51015625 0.034375 0.0328125
4 0.34296875 0.58046875 0.028125 0.0265625
4 0.65625 0.38203125 0.0421875 0.040625
4 0.590625 0.48359375 0.03125 0.03125
4 0.50625 0.60078125 0.0390625 0.04375
4 0.3734375 0.4828125 0.028125 0.0359375
4 0.6375 0.56953125 0.0359375 0.0296875
4 0.62890625 0.2984375 0.0984375 0.053125
4 0.57109375 0.375 0.04375 0.040625
4 0.55625 0.44296875 0.0328125 0.034375
4 0.559375 0.72890625 0.046875 0.0421875
4 0.52734375 0.571875 0.0234375 0.03125
4 0.46953125 0.459375 0.0234375 0.0296875
4 0.47734375 0.578125 0.0375 0.028125
4 0.57890625 0.678125 0.0515625 0.040625
4 0.67734375 0.64921875 0.025 0.021875