4 0.36171875 0.5140625 0.065625 0.0703125
4 0.5609375 0.65234375 0.0421875 0.0359375
4 0.3375 0.3921875 0.0796875 0.0671875
4 0.28359375 0.478125 0.1046875 0.0953125
4 0.51953125 0.33515625 0.0671875 0.0765625
4 0.46796875 0.6046875 0.0453125 0.040625
4 0.43984375 0.49375 0.0390625 0.0421875
4 0.33828125 0.3046875 0.0625 0.06875
4 0.42734375 0.38984375 0.040625 0.040625
4 0.26171875 0.41796875 0.0703125 0.06875
4 0.59140625 0.3875 0.0515625 0.05625
4 0.2375 0.5296875 0.0578125 0.0546875
4 0.5421875 0.4890625 0.065625 0.0578125
4 0.284375 0.56484375 0.0515625 0.05
4 0.38515625 0.4625 0.0734375 0.0828125
4 0.3796875 0.571875 0.0625 0.0640625
4 0.4 0.3578125 0.053125 0.0515625
4 0.55390625 0.4171875 0.0359375 0.0421875
4 0.4859375 0.47578125 0.0875 0.125
4 0.38125 0.63203125 0.040625 0.0375
4 0.42421875 0.4328125 0.0390625 0.0359375
4 0.43671875 0.57109375 0.0921875 0.1171875
4 0.3265625 0.5390625 0.05 0.0546875
4 0.584375 0.484375 0.0390625 0.0375
4 0.6734375 0.53046875 0.03125 0.03125
4 0.315625 0.4328125 0.0484375 0.046875
4 0.40859375 0.5109375 0.0375 0.0375
4 0.5234375 0.59765625 0.0453125 0.0484375
4 0.61640625 0.446875 0.0328125 0.0390625
4 0.3890625 0.60625 0.040625 0.0359375
4 0.31796875 0.34453125 0.1046875 0.06875
4 0.3953125 0.4015625 0.05 0.0484375
4 0.4296875 0.46171875 0.0375 0.0390625
4 0.51015625 0.73671875 0.053125 0.05
4 0.4953125 0.5765625 0.0296875 0.034375
4 0.5171875 0.45234375 0.028125 0.0328125
4 0.54453125 0.56796875 0.0421875 0.034375
4 0.4765625 0.69375 0.05625 0.0484375
4 0.37421875 0.69453125 0.028125 0.025