4 0.6375 0.48046875 0.053125 0.05859375
4 0.47734375 0.6625 0.0359375 0.02734375
4 0.63125 0.35625 0.06875 0.05234375
4 0.7046875 0.4265625 0.08828125 0.0765625
4 0.44140625 0.34453125 0.053125 0.06640625
4 0.55625 0.59375 0.03828125 0.0328125
4 0.55703125 0.4796875 0.03203125 0.03515625
4 0.609375 0.27109375 0.04921875 0.05859375
4 0.54375 0.37578125 0.0328125 0.034375
4 0.7109375 0.3625 0.05859375 0.05546875
4 0.384375 0.4125 0.040625 0.0484375
4 0.76171875 0.465625 0.04921875 0.04375
4 0.45625 0.5 0.05546875 0.04609375
4 0.725 0.5109375 0.04375 0.040625
4 0.60234375 0.4359375 0.05859375 0.0703125
4 0.634375 0.540625 0.0515625 0.053125
4 0.5625 0.3375 0.04375 0.04296875
4 0.42734375 0.4328125 0.028125 0.0359375
4 0.5078125 0.4734375 0.0609375 0.1140625
4 0.646875 0.59921875 0.034375 0.0296875
4 0.55703125 0.41640625 0.0328125 0.028125
4 0.57890625 0.55390625 0.06953125 0.103125
4 0.678125 0.49609375 0.0390625 0.046875
4 0.4140625 0.50546875 0.0328125 0.03046875
4 0.3390625 0.571875 0.0265625 0.025
4 0.6625 0.390625 0.040625 0.03828125
4 0.59140625 0.48828125 0.03046875 0.03046875
4 0.50078125 0.60078125 0.03671875 0.04140625
4 0.37421875 0.4765625 0.02578125 0.034375
4 0.63359375 0.5765625 0.03515625 0.028125
4 0.6390625 0.30546875 0.09609375 0.04765625
4 0.57734375 0.37890625 0.04140625 0.0390625
4 0.559375 0.44609375 0.03125 0.03203125
4 0.54765625 0.73203125 0.0453125 0.040625
4 0.5234375 0.5734375 0.02265625 0.0296875
4 0.471875 0.4578125 0.021875 0.028125
4 0.4734375 0.5765625 0.03671875 0.0265625
4 0.56953125 0.68203125 0.04921875 0.0375
4 0.66953125 0.65859375 0.02421875 0.0203125