5 0.49609375 0.7625 0.1 0.1265625
5 0.58203125 0.590625 0.14375 0.1703125
5 0.75 0.6375 0.1078125 0.09375
5 0.6859375 0.5390625 0.1171875 0.1625
5 0.46484375 0.53515625 0.1890625 0.140625
5 0.5984375 0.81171875 0.065625 0.0703125
5 0.34765625 0.6234375 0.190625 0.16875
5 0.46640625 0.634375 0.153125 0.1671875
5 0.71171875 0.71171875 0.0953125 0.0796875
5 0.696875 0.79609375 0.1203125 0.13125
5 0.54453125 0.38515625 0.159375 0.1375
5 0.46328125 0.2390625 0.1578125 0.1484375
5 0.75234375 0.36796875 0.115625 0.109375
5 0.615625 0.2578125 0.159375 0.128125
5 0.3078125 0.49921875 0.13125 0.1125
5 0.5734375 0.7375 0.046875 0.0453125
5 0.54296875 0.2109375 0.084375 0.0875
5 0.30390625 0.775 0.1734375 0.165625
5 0.64765625 0.45703125 0.146875 0.1390625
5 0.60625 0.2140625 0.0765625 0.0671875
5 0.34296875 0.34765625 0.134375 0.1890625
5 0.64765625 0.5171875 0.0921875 0.1015625
5 0.2734375 0.34296875 0.1546875 0.1953125
5 0.21171875 0.484375 0.159375 0.1796875
5 0.69453125 0.64375 0.065625 0.0984375
5 0.42109375 0.41953125 0.1125 0.1625
5 0.775 0.4796875 0.1078125 0.1
5 0.45390625 0.82109375 0.0953125 0.1015625
5 0.74140625 0.30078125 0.0875 0.0921875
5 0.52890625 0.85625 0.1 0.10625
5 0.48984375 0.446875 0.1265625 0.140625
5 0.6375 0.36484375 0.165625 0.125
5 0.53828125 0.51328125 0.0609375 0.0515625
5 0.4984375 0.19765625 0.0578125 0.04375
5 0.65 0.3109375 0.115625 0.065625
5 0.3734375 0.7234375 0.19375 0.14375
5 0.52421875 0.29765625 0.06875 0.0828125
2 0.940625 0.24296875 0.11875 0.2796875
5 0.115625 0.08359375 0.0671875 0.11875