5 0.42734375 0.75234375 0.078125 0.1140625
5 0.3953125 0.5625 0.1140625 0.1515625
5 0.2203125 0.55859375 0.0953125 0.0765625
5 0.3109375 0.48359375 0.0875 0.1484375
5 0.5234375 0.54375 0.1734375 0.10625
5 0.31484375 0.76953125 0.0546875 0.0609375
5 0.609375 0.6625 0.1671875 0.1359375
5 0.49296875 0.63828125 0.125 0.1453125
5 0.2359375 0.640625 0.084375 0.0640625
5 0.225 0.72578125 0.0984375 0.1140625
5 0.490625 0.37734375 0.1390625 0.109375
5 0.61171875 0.26171875 0.1359375 0.1234375
5 0.29765625 0.3 0.0984375 0.090625
5 0.46015625 0.234375 0.1421875 0.1015625
5 0.684375 0.55546875 0.115625 0.090625
5 0.3609375 0.70546875 0.0390625 0.0375
5 0.54375 0.2109375 0.0703125 0.0734375
5 0.60703125 0.8203125 0.146875 0.1390625
5 0.371875 0.415625 0.1265625 0.115625
5 0.48203125 0.1953125 0.0671875 0.0546875
5 0.6953125 0.40078125 0.0984375 0.175
5 0.35390625 0.47265625 0.075 0.0875
5 0.7625 0.41640625 0.1203125 0.175
5 0.78046875 0.56953125 0.128125 0.1578125
5 0.271875 0.58046875 0.046875 0.090625
5 0.5984375 0.44609375 0.08125 0.1515625
5 0.24296875 0.4 0.09375 0.08125
5 0.45078125 0.8203125 0.078125 0.0875
5 0.32734375 0.2390625 0.0734375 0.0796875
5 0.36796875 0.83203125 0.0828125 0.090625
5 0.525 0.45234375 0.103125 0.121875
5 0.40859375 0.33046875 0.15 0.09375
5 0.459375 0.5015625 0.053125 0.040625
5 0.58984375 0.21171875 0.053125 0.0328125
5 0.41171875 0.275 0.1109375 0.0421875
5 0.55546875 0.75078125 0.1765625 0.1078125
5 0.5359375 0.29921875 0.0546875 0.0734375
2 0.09921875 0.1171875 0.1796875 0.234375
5 0.98359375 0.21328125 0.0328125 0.1140625