5 0.4359375 0.7546875 0.07421875 0.1109375
5 0.39765625 0.56640625 0.10859375 0.14765625
5 0.22265625 0.56796875 0.0921875 0.07265625
5 0.31015625 0.48984375 0.0828125 0.1453125
5 0.525 0.54296875 0.16953125 0.10078125
5 0.32421875 0.77578125 0.05234375 0.059375
5 0.61484375 0.65859375 0.1625 0.13046875
5 0.49765625 0.63828125 0.1203125 0.140625
5 0.240625 0.65 0.08203125 0.0609375
5 0.2328125 0.73515625 0.09453125 0.1109375
5 0.48671875 0.37734375 0.1359375 0.10546875
5 0.603125 0.2578125 0.13125 0.11875
5 0.290625 0.30703125 0.09609375 0.08671875
5 0.45078125 0.2359375 0.1390625 0.09609375
5 0.6859375 0.54921875 0.11328125 0.08671875
5 0.36796875 0.71015625 0.03828125 0.03671875
5 0.53359375 0.209375 0.06796875 0.071875
5 0.61796875 0.81640625 0.14296875 0.13359375
5 0.36875 0.4203125 0.12265625 0.11171875
5 0.47109375 0.19609375 0.065625 0.05234375
5 0.69140625 0.39375 0.09296875 0.17109375
5 0.353125 0.478125 0.07265625 0.08515625
5 0.759375 0.40703125 0.11484375 0.171875
5 0.7828125 0.559375 0.1234375 0.153125
5 0.275 0.58828125 0.04375 0.08984375
5 0.596875 0.44296875 0.0765625 0.1484375
5 0.23984375 0.409375 0.090625 0.07890625
5 0.46171875 0.821875 0.07578125 0.084375
5 0.31796875 0.2453125 0.0703125 0.0765625
5 0.3796875 0.83671875 0.08046875 0.08828125
5 0.5234375 0.4515625 0.0984375 0.11875
5 0.40234375 0.33359375 0.14765625 0.0890625
5 0.459375 0.503125 0.05234375 0.0390625
5 0.5796875 0.20859375 0.0515625 0.03125
5 0.40390625 0.278125 0.109375 0.03828125
5 0.5640625 0.7484375 0.17265625 0.10234375
5 0.52890625 0.2984375 0.05234375 0.071875
2 0.08671875 0.12421875 0.171875 0.24296875
5 0.97890625 0.196875 0.03984375 0.1125