5 0.553125 0.23359375 0.08125 0.1015625
5 0.69296875 0.32734375 0.0671875 0.109375
5 0.95625 0.96953125 0.05625 0.0609375
5 0.80859375 0.475 0.0609375 0.19375
5 0.29453125 0.696875 0.0703125 0.084375
5 0.72734375 0.49765625 0.0984375 0.196875
5 0.221875 0.4671875 0.0953125 0.1578125
5 0.58671875 0.678125 0.065625 0.0921875
5 0.6828125 0.41875 0.1125 0.103125
5 0.61171875 0.3296875 0.1421875 0.06875
5 0.7640625 0.3734375 0.0421875 0.0796875
5 0.6859375 0.69375 0.078125 0.2125
5 0.3453125 0.3484375 0.0578125 0.1046875
5 0.25703125 0.63828125 0.1203125 0.0640625
5 0.753125 0.6484375 0.0703125 0.140625
5 0.4328125 0.1640625 0.0515625 0.05625
5 0.46171875 0.33046875 0.115625 0.11875
5 0.57578125 0.415625 0.0625 0.0390625
5 0.40078125 0.63671875 0.0265625 0.090625
5 0.95390625 0.88828125 0.06875 0.0953125
5 0.2203125 0.55234375 0.1109375 0.1484375
5 0.5421875 0.5078125 0.125 0.071875
5 0.4796875 0.44921875 0.1015625 0.0625
5 0.49140625 0.2328125 0.0734375 0.0828125
5 0.29375 0.45234375 0.053125 0.090625
5 0.5921875 0.55390625 0.103125 0.0890625
5 0.5703125 0.4484375 0.0859375 0.0609375
5 0.3234375 0.59375 0.0625 0.0875
5 0.48828125 0.6078125 0.0953125 0.09375
5 0.40390625 0.79375 0.1515625 0.1375
5 0.40625 0.3171875 0.075 0.0921875
5 0.6125 0.4796875 0.1359375 0.0703125
5 0.459375 0.184375 0.0609375 0.0609375
5 0.44765625 0.74609375 0.0546875 0.0734375
5 0.6421875 0.24921875 0.096875 0.06875
5 0.6671875 0.5 0.096875 0.078125
5 0.5921875 0.74765625 0.0671875 0.1046875
5 0.4296875 0.68359375 0.0765625 0.0625
5 0.58125 0.26953125 0.0734375 0.09375
5 0.35703125 0.515625 0.0875 0.1046875
5 0.27578125 0.26328125 0.0796875 0.165625
5 0.39609375 0.1671875 0.0671875 0.046875
5 0.19921875 0.45390625 0.05 0.0578125
5 0.27578125 0.42734375 0.0359375 0.0515625
5 0.525 0.7390625 0.075 0.06875
5 0.4203125 0.23359375 0.0734375 0.1
5 0.38046875 0.37890625 0.0484375 0.1
5 0.5328125 0.3765625 0.0390625 0.1328125
5 0.68515625 0.575 0.075 0.1046875
5 0.534375 0.8109375 0.115625 0.1203125
5 0.56953125 0.61484375 0.0546875 0.0546875
5 0.53515625 0.28984375 0.0375 0.1