5 0.54375 0.23203125 0.078125 0.09921875
5 0.68671875 0.32109375 0.06328125 0.1078125
5 0.97265625 0.959375 0.05390625 0.0703125
5 0.8078125 0.4640625 0.0546875 0.19140625
5 0.3015625 0.70390625 0.06796875 0.0828125
5 0.72734375 0.48984375 0.0921875 0.19375
5 0.22109375 0.4765625 0.090625 0.1546875
5 0.59296875 0.675 0.06328125 0.08984375
5 0.6796875 0.4125 0.10859375 0.1
5 0.60546875 0.32578125 0.13984375 0.0640625
5 0.759375 0.3640625 0.0390625 0.078125
5 0.69296875 0.6875 0.0703125 0.21015625
5 0.33984375 0.35390625 0.0546875 0.103125
5 0.26171875 0.646875 0.11796875 0.06015625
5 0.7578125 0.63984375 0.065625 0.13828125
5 0.42109375 0.16640625 0.05 0.05390625
5 0.45546875 0.33203125 0.11171875 0.115625
5 0.57265625 0.41328125 0.0609375 0.0375
5 0.40546875 0.63984375 0.0234375 0.090625
5 0.9671875 0.871875 0.065625 0.09375
5 0.22265625 0.56171875 0.10546875 0.14453125
5 0.5421875 0.50625 0.12265625 0.0671875
5 0.478125 0.45 0.09921875 0.05859375
5 0.48203125 0.23359375 0.0703125 0.0796875
5 0.2921875 0.459375 0.05078125 0.08828125
5 0.59375 0.55078125 0.1 0.0859375
5 0.56875 0.44609375 0.084375 0.05859375
5 0.3265625 0.6 0.06015625 0.08515625
5 0.4921875 0.6078125 0.0921875 0.090625
5 0.4140625 0.796875 0.146875 0.1328125
5 0.4 0.3203125 0.071875 0.08984375
5 0.61171875 0.47578125 0.13359375 0.065625
5 0.4484375 0.1859375 0.059375 0.05859375
5 0.45625 0.74765625 0.05234375 0.071875
5 0.63359375 0.24453125 0.0953125 0.065625
5 0.6671875 0.49453125 0.09453125 0.07421875
5 0.60078125 0.74453125 0.06328125 0.103125
5 0.4359375 0.6859375 0.075 0.059375
5 0.5734375 0.2671875 0.0703125 0.09140625
5 0.3578125 0.5203125 0.08359375 0.10234375
5 0.26796875 0.27109375 0.0734375 0.1625
5 0.384375 0.17109375 0.06640625 0.04453125
5 0.19765625 0.4640625 0.04765625 0.05625
5 0.2734375 0.43515625 0.034375 0.05
5 0.53359375 0.73828125 0.0734375 0.06640625
5 0.4109375 0.23671875 0.0703125 0.09765625
5 0.3765625 0.3828125 0.0453125 0.0984375
5 0.528125 0.37578125 0.034375 0.13125
5 0.6875 0.56875 0.07109375 0.1015625
5 0.5453125 0.809375 0.11171875 0.1171875
5 0.5734375 0.6125 0.053125 0.053125
5 0.528125 0.2890625 0.03359375 0.0984375