5 0.4984375 0.228125 0.0921875 0.1109375
5 0.34375 0.29375 0.0796875 0.115625
5 0.2015625 0.41640625 0.084375 0.196875
5 0.6640625 0.7328125 0.0796875 0.0921875
5 0.27734375 0.4546875 0.121875 0.20625
5 0.77890625 0.5203125 0.1140625 0.1671875
5 0.38046875 0.65859375 0.0765625 0.0984375
5 0.3359375 0.38515625 0.1234375 0.115625
5 0.4234375 0.31171875 0.1484375 0.084375
5 0.26484375 0.325 0.0515625 0.0828125
5 0.2796875 0.6546875 0.1015625 0.21875
5 0.68125 0.38046875 0.0703125 0.1109375
5 0.7125 0.68203125 0.1265625 0.078125
5 0.2234375 0.59765625 0.0859375 0.146875
5 0.63046875 0.1828125 0.0578125 0.0609375
5 0.5703125 0.34140625 0.128125 0.13125
5 0.4421875 0.403125 0.065625 0.046875
5 0.571875 0.653125 0.0375 0.09375
5 0.01015625 0.79375 0.0203125 0.103125
5 0.7640625 0.6046875 0.1265625 0.159375
5 0.45703125 0.49921875 0.13125 0.0859375
5 0.5296875 0.45390625 0.1078125 0.0734375
5 0.559375 0.23984375 0.08125 0.0890625
5 0.71171875 0.4921875 0.0640625 0.0953125
5 0.39921875 0.53515625 0.1125 0.1
5 0.440625 0.4359375 0.0921875 0.0703125
5 0.65546875 0.62578125 0.0734375 0.09375
5 0.490625 0.6078125 0.1046875 0.1046875
5 0.53828125 0.80703125 0.165625 0.1546875
5 0.6265625 0.33828125 0.084375 0.1
5 0.39375 0.45859375 0.1421875 0.0859375
5 0.6 0.19765625 0.0671875 0.0671875
5 0.5046875 0.7515625 0.0625 0.0796875
5 0.4078125 0.2265625 0.1046875 0.0796875
5 0.3359375 0.46875 0.1046875 0.0875
5 0.3625 0.72578125 0.078125 0.1125
5 0.534375 0.69375 0.0828125 0.0703125
5 0.4640625 0.25859375 0.084375 0.1015625
5 0.6375 0.5421875 0.0984375 0.1140625
5 0.76484375 0.31015625 0.0984375 0.171875
5 0.665625 0.19296875 0.071875 0.0546875
5 0.80390625 0.51171875 0.05625 0.0625
5 0.73359375 0.47109375 0.0421875 0.0546875
5 0.4296875 0.73046875 0.0828125 0.0765625
5 0.62890625 0.25390625 0.084375 0.1078125
5 0.640625 0.40390625 0.059375 0.1046875
5 0.49140625 0.37265625 0.0546875 0.134375
5 0.30390625 0.53828125 0.0859375 0.1109375
5 0.40703125 0.7984375 0.128125 0.1328125
5 0.41015625 0.6 0.0609375 0.0609375
5 0.50546875 0.2875 0.0484375 0.103125