5 0.6375 0.40078125 0.1 0.078125
5 0.6375 0.3234375 0.1078125 0.08125
5 0.50390625 0.3765625 0.1109375 0.0921875
5 0.465625 0.65234375 0.1046875 0.1234375
5 0.61875 0.584375 0.128125 0.1046875
5 0.69609375 0.56875 0.0921875 0.103125
5 0.509375 0.553125 0.11875 0.115625
5 0.5703125 0.34453125 0.1015625 0.0703125
5 0.29765625 0.65703125 0.1296875 0.1171875
5 0.38671875 0.6640625 0.1046875 0.0796875
5 0.615625 0.50859375 0.1171875 0.1046875
5 0.5578125 0.6421875 0.0890625 0.0921875
5 0.428125 0.49453125 0.1125 0.0984375
5 0.36796875 0.7328125 0.1203125 0.090625
5 0.38203125 0.30390625 0.1125 0.096875
5 0.6859375 0.41640625 0.1046875 0.0796875
5 0.29375 0.490625 0.0890625 0.084375
5 0.3828125 0.56484375 0.134375 0.109375
5 0.72109375 0.50078125 0.0890625 0.09375
5 0.24921875 0.56640625 0.0984375 0.0765625
5 0.4609375 0.765625 0.075 0.0828125
5 0.70859375 0.64140625 0.1171875 0.08125
5 0.5578125 0.4421875 0.1 0.096875
5 0.23828125 0.4765625 0.1 0.1109375
5 0.30390625 0.5375 0.0234375 0.0390625
5 0.5578125 0.74140625 0.1296875 0.0921875
5 0.50859375 0.2984375 0.1203125 0.078125
5 0.453125 0.43125 0.13125 0.1078125
5 0.465625 0.4640625 0.0203125 0.0140625
5 0.5171875 0.7046875 0.0984375 0.0546875
5 0.63046875 0.70078125 0.1078125 0.0953125