5 0.36640625 0.39609375 0.096875 0.075
5 0.36875 0.31875 0.1046875 0.07734375
5 0.50078125 0.3765625 0.10859375 0.0890625
5 0.52890625 0.653125 0.10078125 0.11953125
5 0.378125 0.58046875 0.12421875 0.1
5 0.3015625 0.56171875 0.0890625 0.10078125
5 0.4890625 0.553125 0.11484375 0.1109375
5 0.43515625 0.3421875 0.09921875 0.06640625
5 0.696875 0.6640625 0.12578125 0.1125
5 0.6078125 0.66796875 0.1015625 0.07578125
5 0.384375 0.5046875 0.1140625 0.10078125
5 0.4375 0.63984375 0.08671875 0.08984375
5 0.571875 0.496875 0.10859375 0.09453125
5 0.6234375 0.7375 0.1171875 0.0859375
5 0.625 0.3078125 0.109375 0.09296875
5 0.3171875 0.41015625 0.10234375 0.07578125
5 0.70625 0.49765625 0.0859375 0.08203125
5 0.61484375 0.56875 0.13046875 0.1046875
5 0.27890625 0.49296875 0.0859375 0.090625
5 0.7484375 0.575 0.0953125 0.07265625
5 0.5296875 0.7671875 0.07265625 0.0796875
5 0.28671875 0.634375 0.11484375 0.0765625
5 0.44453125 0.43984375 0.09609375 0.09375
5 0.7625 0.4859375 0.096875 0.1078125
5 0.69453125 0.54453125 0.021875 0.0390625
5 0.43359375 0.7390625 0.12734375 0.0875
5 0.4984375 0.2984375 0.1171875 0.0734375
5 0.54921875 0.4328125 0.12734375 0.103125
5 0.5359375 0.465625 0.01953125 0.01328125
5 0.47578125 0.70390625 0.09609375 0.05078125
5 0.3625 0.69609375 0.10390625 0.0921875