5 0.64921875 0.42109375 0.1078125 0.090625
5 0.6609375 0.34453125 0.1171875 0.09375
5 0.5203125 0.378125 0.121875 0.10625
5 0.4453125 0.64609375 0.1203125 0.1359375
5 0.60625 0.60078125 0.1390625 0.1203125
5 0.684375 0.5953125 0.1046875 0.1140625
5 0.5015625 0.55390625 0.1328125 0.1296875
5 0.59140625 0.35546875 0.109375 0.0828125
5 0.27734375 0.62734375 0.14375 0.1328125
5 0.36484375 0.646875 0.1125 0.0921875
5 0.61328125 0.525 0.1296875 0.11875
5 0.5375 0.6484375 0.1015625 0.103125
5 0.4296875 0.484375 0.1234375 0.1125
5 0.3375 0.7125 0.1296875 0.1046875
5 0.41015625 0.2890625 0.1234375 0.1109375
5 0.6953125 0.44296875 0.1140625 0.0921875
5 0.29765625 0.46171875 0.0984375 0.0953125
5 0.375 0.54765625 0.146875 0.125
5 0.71875 0.53125 0.1 0.1046875
5 0.2421875 0.53046875 0.10625 0.0875
5 0.42421875 0.7578125 0.0859375 0.090625
5 0.68671875 0.66953125 0.1265625 0.0953125
5 0.56484375 0.45 0.1109375 0.109375
5 0.24375 0.440625 0.1140625 0.1234375
5 0.30078125 0.51015625 0.028125 0.0421875
5 0.52421875 0.746875 0.140625 0.1078125
5 0.53671875 0.3015625 0.128125 0.0921875
5 0.46328125 0.425 0.14375 0.1234375
5 0.4703125 0.46015625 0.021875 0.0171875
5 0.48828125 0.7046875 0.103125 0.0671875
5 0.6015625 0.7171875 0.11875 0.109375