5 0.5578125 0.384375 0.0921875 0.053125
5 0.6046875 0.48046875 0.0515625 0.0796875
5 0.409375 0.54140625 0.0671875 0.065625
5 0.3328125 0.7484375 0.11875 0.0765625
5 0.4640625 0.503125 0.115625 0.1
5 0.1609375 0.0734375 0.134375 0.0875
5 0.05390625 0.04453125 0.065625 0.0796875
5 0.37109375 0.50625 0.0671875 0.0671875
5 0.39296875 0.6546875 0.075 0.071875
5 0.303125 0.41484375 0.0640625 0.0296875
5 0.5953125 0.6125 0.05625 0.121875
5 0.17578125 0.01953125 0.1296875 0.0390625
5 0.50703125 0.41953125 0.121875 0.1
5 0.1265625 0.15703125 0.14375 0.1015625
5 0.0609375 0.1078125 0.084375 0.0671875
5 0.05546875 0.175 0.0796875 0.0796875
5 0.5921875 0.70390625 0.0328125 0.05625
5 0.45625 0.740625 0.0671875 0.06875
5 0.3578125 0.45546875 0.0265625 0.0328125
5 0.45390625 0.60703125 0.03125 0.028125
5 0.1125 0.01875 0.103125 0.0375
5 0.55703125 0.54921875 0.0328125 0.0203125
5 0.059375 0.23515625 0.0953125 0.08125