5 0.4484375 0.38125 0.090625 0.0484375
5 0.39609375 0.475 0.046875 0.078125
5 0.58828125 0.54609375 0.0640625 0.0625
5 0.65390625 0.75703125 0.115625 0.0703125
5 0.5359375 0.5046875 0.1109375 0.09375
5 0.8609375 0.09140625 0.1296875 0.08125
5 0.96953125 0.06875 0.0609375 0.078125
5 0.628125 0.51328125 0.0640625 0.0640625
5 0.5984375 0.66015625 0.071875 0.06875
5 0.70078125 0.425 0.0625 0.0265625
5 0.39921875 0.60703125 0.05 0.11875
5 0.8484375 0.02734375 0.1265625 0.053125
5 0.496875 0.41953125 0.115625 0.09375
5 0.890625 0.17734375 0.1375 0.09375
5 0.959375 0.13125 0.08125 0.0625
5 0.9609375 0.1984375 0.0765625 0.0765625
5 0.39765625 0.6984375 0.0296875 0.0546875
5 0.53125 0.74296875 0.0640625 0.065625
5 0.64453125 0.46328125 0.025 0.03125
5 0.540625 0.609375 0.0296875 0.028125
5 0.9125 0.02890625 0.1 0.05625
5 0.440625 0.54609375 0.03125 0.01875
5 0.95390625 0.25859375 0.0921875 0.0765625