5 0.5515625 0.38125 0.08984375 0.0484375
5 0.60390625 0.475 0.04765625 0.07734375
5 0.41171875 0.54609375 0.0640625 0.06171875
5 0.34609375 0.75703125 0.11484375 0.0703125
5 0.4640625 0.5046875 0.1109375 0.09453125
5 0.1390625 0.09140625 0.1296875 0.08046875
5 0.03046875 0.06875 0.0609375 0.07734375
5 0.371875 0.51328125 0.0640625 0.0640625
5 0.4015625 0.66015625 0.07109375 0.06875
5 0.29921875 0.425 0.0625 0.0265625
5 0.60078125 0.60703125 0.05078125 0.11953125
5 0.1515625 0.02734375 0.1265625 0.05390625
5 0.503125 0.41953125 0.11640625 0.09375
5 0.109375 0.17734375 0.13828125 0.09453125
5 0.040625 0.13125 0.08125 0.06328125
5 0.0390625 0.1984375 0.0765625 0.0765625
5 0.60234375 0.6984375 0.0296875 0.0546875
5 0.46875 0.74296875 0.0640625 0.06484375
5 0.35546875 0.46328125 0.02421875 0.03125
5 0.459375 0.609375 0.0296875 0.02734375
5 0.0875 0.02890625 0.10078125 0.05625
5 0.559375 0.54609375 0.03203125 0.01875
5 0.04609375 0.25859375 0.0921875 0.0765625