5 0.59765625 0.3125 0.10625 0.065625
5 0.4984375 0.24453125 0.1078125 0.0578125
4 0.29921875 0.5734375 0.028125 0.021875
4 0.25625 0.61640625 0.03125 0.0234375
5 0.48984375 0.203125 0.115625 0.05
5 0.49140625 0.4375 0.0328125 0.025
4 0.27265625 0.59765625 0.03125 0.0265625
5 0.28828125 0.5625 0.0859375 0.03125
5 0.49296875 0.3125 0.121875 0.0546875
5 0.34453125 0.22578125 0.0953125 0.0828125
5 0.48046875 0.27734375 0.121875 0.053125
5 0.60625 0.225 0.1203125 0.065625
5 0.6140625 0.48828125 0.0453125 0.0296875
5 0.390625 0.2609375 0.0921875 0.084375
5 0.3578125 0.6046875 0.0296875 0.034375
5 0.65078125 0.58046875 0.028125 0.0375
5 0.49296875 0.15390625 0.103125 0.08125
5 0.3671875 0.16953125 0.0828125 0.0578125
5 0.540625 0.65859375 0.06875 0.0515625
5 0.4828125 0.66015625 0.0359375 0.028125
5 0.23515625 0.503125 0.0234375 0.0359375
5 0.34921875 0.43515625 0.05625 0.0453125
5 0.18125 0.56640625 0.0328125 0.0296875
5 0.490625 0.51015625 0.03125 0.0265625
5 0.6765625 0.3125 0.08125 0.0546875
5 0.57890625 0.5609375 0.0390625 0.03125
5 0.5734375 0.271875 0.08125 0.0703125
4 0.48359375 0.5296875 0.025 0.0234375
4 0.39921875 0.59921875 0.028125 0.021875
5 0.67734375 0.18125 0.1265625 0.071875
5 0.590625 0.18359375 0.1078125 0.0421875
5 0.3359375 0.54921875 0.034375 0.034375
5 0.6453125 0.27265625 0.0828125 0.04375
4 0.4375 0.68125 0.028125 0.0234375
4 0.28359375 0.58828125 0.028125 0.0234375
5 0.52265625 0.60234375 0.03125 0.03125
5 0.4703125 0.4078125 0.040625 0.03125
5 0.69375 0.55625 0.021875 0.015625
5 0.240625 0.42890625 0.0265625 0.0265625
4 0.64453125 0.6609375 0.0359375 0.028125
4 0.39296875 0.49765625 0.03125 0.025
5 0.4140625 0.478125 0.01875 0.028125
5 0.2828125 0.63828125 0.0359375 0.0203125
5 0.275 0.428125 0.053125 0.0296875
5 0.7375 0.27578125 0.109375 0.103125
5 0.140625 0.50703125 0.0609375 0.0421875