5 0.5671875 0.29921875 0.1046875 0.0640625
5 0.4578125 0.24765625 0.1078125 0.05625
4 0.31328125 0.60390625 0.028125 0.021875
4 0.27734375 0.653125 0.03125 0.0234375
5 0.44375 0.20859375 0.115625 0.0484375
5 0.48203125 0.4390625 0.03125 0.025
4 0.290625 0.63203125 0.03125 0.025
5 0.30078125 0.59453125 0.0859375 0.0296875
5 0.46328125 0.31640625 0.121875 0.0515625
5 0.303125 0.25390625 0.09375 0.08125
5 0.4453125 0.2828125 0.1203125 0.0515625
5 0.56171875 0.21171875 0.11875 0.0640625
5 0.6109375 0.4703125 0.0453125 0.028125
5 0.3546875 0.28046875 0.090625 0.0828125
5 0.37578125 0.625 0.0296875 0.034375
5 0.66171875 0.55625 0.028125 0.0375
5 0.43828125 0.159375 0.1015625 0.0796875
5 0.3171875 0.19375 0.08125 0.05625
5 0.565625 0.65078125 0.0671875 0.05
5 0.5078125 0.6609375 0.0359375 0.0265625
5 0.2390625 0.54375 0.021875 0.034375
5 0.340625 0.459375 0.05625 0.0453125
5 0.1953125 0.615625 0.0328125 0.0296875
5 0.4921875 0.51171875 0.03125 0.0265625
5 0.64453125 0.28671875 0.0796875 0.053125
5 0.5875 0.54765625 0.0390625 0.03125
5 0.53671875 0.26328125 0.08125 0.06875
4 0.48828125 0.53203125 0.025 0.0234375
4 0.41640625 0.6140625 0.028125 0.021875
5 0.62578125 0.1578125 0.125 0.0703125
5 0.53984375 0.17265625 0.10625 0.040625
5 0.3453125 0.57421875 0.034375 0.0328125
5 0.6078125 0.253125 0.0828125 0.04375
4 0.4671875 0.6890625 0.0265625 0.0234375
4 0.3 0.62109375 0.028125 0.0234375
5 0.53828125 0.59765625 0.0296875 0.0296875
5 0.45625 0.4140625 0.040625 0.0296875
5 0.7 0.525 0.021875 0.015625
5 0.2328125 0.4703125 0.0265625 0.0265625
4 0.66796875 0.6359375 0.0359375 0.0265625
4 0.39375 0.51484375 0.03125 0.0234375
5 0.41171875 0.4921875 0.01875 0.028125
5 0.3078125 0.67109375 0.0359375 0.0203125
5 0.26640625 0.4640625 0.053125 0.028125
5 0.7 0.24140625 0.1078125 0.1015625
5 0.146875 0.56328125 0.0609375 0.040625