5 0.41875 0.3046875 0.1015625 0.05703125
5 0.52421875 0.2453125 0.10390625 0.0484375
4 0.69375 0.590625 0.0265625 0.01953125
4 0.7328125 0.6375 0.0296875 0.02109375
5 0.5359375 0.20546875 0.1125 0.040625
5 0.5140625 0.43828125 0.03046875 0.02265625
4 0.71796875 0.6171875 0.02890625 0.0234375
5 0.70546875 0.58046875 0.084375 0.02421875
5 0.5234375 0.3140625 0.11875 0.04375
5 0.67890625 0.240625 0.0890625 0.075
5 0.5390625 0.2796875 0.11796875 0.04296875
5 0.41796875 0.21640625 0.115625 0.05625
5 0.3875 0.478125 0.04375 0.02578125
5 0.6296875 0.27109375 0.0859375 0.07734375
5 0.6328125 0.61640625 0.02734375 0.0328125
5 0.34296875 0.5671875 0.025 0.0359375
5 0.5375 0.15625 0.096875 0.07265625
5 0.6609375 0.18203125 0.078125 0.0515625
5 0.4453125 0.6546875 0.06484375 0.0453125
5 0.503125 0.6609375 0.03359375 0.025
5 0.76328125 0.52578125 0.0203125 0.03359375
5 0.65625 0.4484375 0.053125 0.04140625
5 0.81171875 0.59375 0.03046875 0.02734375
5 0.50859375 0.5109375 0.02890625 0.02421875
5 0.340625 0.29765625 0.0765625 0.0484375
5 0.41640625 0.55390625 0.03671875 0.028125
5 0.446875 0.26640625 0.0765625 0.0640625
4 0.5140625 0.53125 0.0234375 0.02109375
4 0.59140625 0.6078125 0.0265625 0.0203125
5 0.35078125 0.1671875 0.12109375 0.06171875
5 0.4375 0.1765625 0.1046875 0.0328125
5 0.659375 0.56328125 0.03203125 0.03125
5 0.375 0.2609375 0.08046875 0.0375
4 0.54609375 0.6859375 0.02578125 0.021875
4 0.7078125 0.60703125 0.0265625 0.021875
5 0.46875 0.6 0.028125 0.028125
5 0.5375 0.4109375 0.03828125 0.02734375
5 0.30234375 0.5390625 0.0203125 0.0140625
5 0.76484375 0.4515625 0.02421875 0.025
4 0.3421875 0.64765625 0.03359375 0.025
4 0.60703125 0.50703125 0.0296875 0.021875
5 0.5875 0.4859375 0.0171875 0.02734375
5 0.70390625 0.65703125 0.034375 0.0171875
5 0.73046875 0.44765625 0.05078125 0.025
5 0.2828125 0.25625 0.1015625 0.09453125
5 0.85703125 0.53828125 0.0578125 0.03671875