5 0.3171875 0.3109375 0.05625 0.02734375
5 0.24453125 0.340625 0.03515625 0.03828125
5 0.38671875 0.34375 0.05 0.0359375
5 0.3046875 0.4453125 0.025 0.0390625
5 0.246875 0.4390625 0.021875 0.0484375
5 0.52734375 0.34765625 0.04140625 0.03359375
5 0.278125 0.34609375 0.034375 0.0375
5 0.31953125 0.33984375 0.0390625 0.03359375
5 0.46875 0.3828125 0.040625 0.03359375
5 0.2328125 0.37578125 0.03828125 0.02578125
5 0.21796875 0.40859375 0.0390625 0.04140625
5 0.36640625 0.571875 0.0375 0.0328125
5 0.39140625 0.59609375 0.04140625 0.03515625
5 0.25 0.534375 0.034375 0.04375
5 0.28828125 0.52578125 0.0359375 0.03203125
5 0.28203125 0.634375 0.03671875 0.03515625
5 0.53515625 0.51484375 0.034375 0.04296875
5 0.33515625 0.51875 0.0390625 0.03671875
5 0.48828125 0.55625 0.03515625 0.03828125
5 0.390625 0.553125 0.0296875 0.03828125
5 0.55546875 0.4890625 0.040625 0.03828125
5 0.54765625 0.57578125 0.046875 0.04296875
5 0.5578125 0.8171875 0.04453125 0.046875
5 0.44140625 0.57890625 0.0265625 0.03828125
5 0.24375 0.60625 0.0328125 0.03046875
5 0.41875 0.44375 0.0328125 0.03125
5 0.54609375 0.75625 0.0359375 0.0359375
5 0.23359375 0.5890625 0.03671875 0.03515625
5 0.578125 0.4296875 0.03828125 0.0421875
5 0.35546875 0.67265625 0.03828125 0.0421875
5 0.196875 0.5828125 0.0375 0.028125
5 0.51953125 0.746875 0.03359375 0.025
5 0.31328125 0.55390625 0.04453125 0.0265625
5 0.22890625 0.64453125 0.03515625 0.04296875
5 0.16171875 0.58125 0.04140625 0.0375
5 0.215625 0.67265625 0.03828125 0.0359375
5 0.20859375 0.62421875 0.040625 0.03671875
5 0.5625 0.53984375 0.0359375 0.03125
5 0.37890625 0.68671875 0.0359375 0.03359375
5 0.42109375 0.425 0.03515625 0.03203125
5 0.25625 0.70234375 0.03984375 0.0484375
5 0.621875 0.5609375 0.04453125 0.025
5 0.484375 0.621875 0.040625 0.03125
5 0.28203125 0.46484375 0.0296875 0.0359375
5 0.50625 0.41640625 0.034375 0.034375
5 0.4328125 0.525 0.03671875 0.0265625
5 0.26171875 0.3984375 0.0421875 0.03984375
5 0.47578125 0.46015625 0.05 0.04375
5 0.3703125 0.7609375 0.04140625 0.05390625
5 0.3109375 0.4171875 0.0375 0.0328125
5 0.50859375 0.79609375 0.06015625 0.040625
5 0.1671875 0.509375 0.04453125 0.04609375
5 0.54140625 0.428125 0.0359375 0.03515625
5 0.5546875 0.328125 0.0390625 0.02890625
5 0.540625 0.4 0.040625 0.03828125
5 0.63671875 0.3875 0.0375 0.0359375
5 0.415625 0.7640625 0.028125 0.0265625
5 0.41015625 0.48671875 0.0421875 0.03046875
5 0.61171875 0.4171875 0.03671875 0.03203125
5 0.4203125 0.38515625 0.028125 0.0234375
5 0.5046875 0.384375 0.0375 0.040625
5 0.69375 0.565625 0.03515625 0.03515625
5 0.6640625 0.459375 0.04296875 0.03828125
5 0.51640625 0.71796875 0.0328125 0.03515625
5 0.39375 0.82578125 0.040625 0.0359375
5 0.51640625 0.3046875 0.03203125 0.0296875
5 0.65390625 0.52265625 0.0375 0.03984375
5 0.63515625 0.83671875 0.0359375 0.03984375
5 0.6796875 0.6140625 0.03515625 0.02890625
5 0.63828125 0.809375 0.05625 0.0359375
5 0.3765625 0.415625 0.04609375 0.03671875
5 0.19375 0.5453125 0.0484375 0.0359375
5 0.5828125 0.7453125 0.0390625 0.05859375
5 0.34140625 0.796875 0.03828125 0.05703125
5 0.18359375 0.42890625 0.034375 0.03671875
5 0.5328125 0.62109375 0.0515625 0.0625
5 0.5953125 0.35390625 0.03515625 0.03125
5 0.69296875 0.490625 0.04296875 0.03515625
5 0.3625 0.83828125 0.04609375 0.040625
5 0.3234375 0.403125 0.04765625 0.034375
5 0.603125 0.796875 0.0296875 0.0375
5 0.16328125 0.615625 0.034375 0.028125
5 0.28671875 0.6921875 0.04921875 0.04921875
5 0.2125 0.48515625 0.040625 0.0265625
5 0.65234375 0.5953125 0.03671875 0.028125
5 0.403125 0.64296875 0.0515625 0.03046875
5 0.48203125 0.715625 0.04765625 0.0421875
5 0.628125 0.490625 0.0546875 0.05390625
5 0.59375 0.6375 0.04375 0.06015625
5 0.66328125 0.43046875 0.046875 0.0359375
5 0.47734375 0.78046875 0.03515625 0.0390625
5 0.5953125 0.8375 0.04765625 0.04296875
5 0.68125 0.70078125 0.0484375 0.04453125
5 0.33125 0.61953125 0.04765625 0.03046875
5 0.509375 0.5296875 0.05234375 0.034375
5 0.46875 0.85078125 0.05 0.03359375
5 0.25 0.75 0.04609375 0.0328125
5 0.3109375 0.81484375 0.04296875 0.03359375
5 0.6046875 0.6875 0.05625 0.053125
5 0.4359375 0.71796875 0.03046875 0.04765625
5 0.33359375 0.64140625 0.05625 0.040625
5 0.44453125 0.29765625 0.0546875 0.05
5 0.3265625 0.72578125 0.04453125 0.06171875
5 0.44921875 0.78828125 0.0390625 0.05703125
5 0.18203125 0.48671875 0.05703125 0.02734375
5 0.6921875 0.453125 0.03671875 0.0375
5 0.7265625 0.60234375 0.04609375 0.03828125
5 0.725 0.68828125 0.03203125 0.0453125
5 0.4203125 0.696875 0.05 0.0484375
5 0.36796875 0.8703125 0.04140625 0.03671875
5 0.534375 0.6890625 0.040625 0.0484375
5 0.640625 0.7546875 0.0625 0.04453125
5 0.3765625 0.30078125 0.04296875 0.04609375
5 0.57734375 0.34609375 0.0328125 0.03046875
5 0.4828125 0.275 0.040625 0.03203125
5 0.43046875 0.85703125 0.04140625 0.0390625
5 0.7 0.64375 0.05546875 0.03984375
5 0.52890625 0.45 0.04453125 0.04140625
5 0.53984375 0.36640625 0.04296875 0.03515625