5 0.71015625 0.3421875 0.059375 0.0359375
5 0.77734375 0.3828125 0.040625 0.04375
5 0.63671875 0.36328125 0.0546875 0.04375
5 0.7015625 0.4765625 0.03125 0.0421875
5 0.759375 0.4796875 0.0296875 0.0515625
5 0.496875 0.3453125 0.046875 0.0390625
5 0.74296875 0.3828125 0.0390625 0.0421875
5 0.703125 0.3703125 0.04375 0.0390625
5 0.54921875 0.3890625 0.0453125 0.0390625
5 0.78359375 0.41875 0.0421875 0.03125
5 0.79296875 0.45390625 0.0453125 0.046875
5 0.62109375 0.5921875 0.0421875 0.0375
5 0.5921875 0.61171875 0.046875 0.040625
5 0.74140625 0.5734375 0.040625 0.0484375
5 0.70546875 0.55859375 0.040625 0.0375
5 0.69453125 0.6671875 0.0421875 0.040625
5 0.46328125 0.509375 0.040625 0.0484375
5 0.66015625 0.54453125 0.04375 0.0421875
5 0.503125 0.55703125 0.040625 0.04375
5 0.6 0.56953125 0.0359375 0.0421875
5 0.446875 0.48046875 0.046875 0.04375
5 0.44140625 0.5671875 0.053125 0.05
5 0.39296875 0.80390625 0.0515625 0.053125
5 0.5453125 0.58671875 0.0328125 0.0421875
5 0.73671875 0.6453125 0.0375 0.0359375
5 0.5890625 0.45703125 0.0375 0.0359375
5 0.4140625 0.74609375 0.040625 0.040625
5 0.74921875 0.6296875 0.0421875 0.040625
5 0.43359375 0.41796875 0.04375 0.0484375
5 0.615625 0.69296875 0.04375 0.0484375
5 0.78671875 0.62890625 0.0421875 0.034375
5 0.4421875 0.740625 0.0375 0.0296875
5 0.67578125 0.5828125 0.0484375 0.0328125
5 0.7453125 0.68515625 0.0421875 0.0484375
5 0.82109375 0.6328125 0.046875 0.04375
5 0.75390625 0.71484375 0.04375 0.0421875
5 0.76875 0.66796875 0.0453125 0.0421875
5 0.43203125 0.5296875 0.040625 0.0359375
5 0.590625 0.703125 0.040625 0.0390625
5 0.58984375 0.43828125 0.0390625 0.0375
5 0.709375 0.73828125 0.046875 0.0546875
5 0.3703125 0.54140625 0.0484375 0.03125
5 0.49609375 0.62265625 0.0453125 0.0375
5 0.72109375 0.49921875 0.034375 0.040625
5 0.50703125 0.41640625 0.0390625 0.0390625
5 0.5625 0.53515625 0.040625 0.03125
5 0.7515625 0.43671875 0.0484375 0.0453125
5 0.53046875 0.4640625 0.05625 0.0515625
5 0.5875 0.778125 0.05 0.059375
5 0.7 0.44765625 0.0421875 0.0375
5 0.4453125 0.79140625 0.065625 0.05
5 0.82734375 0.5609375 0.0515625 0.053125
5 0.4703125 0.42265625 0.040625 0.040625
5 0.47265625 0.321875 0.04375 0.034375
5 0.47578125 0.39453125 0.046875 0.04375
5 0.3828125 0.3671875 0.0421875 0.040625
5 0.5421875 0.77421875 0.03125 0.03125
5 0.590625 0.50078125 0.046875 0.0359375
5 0.40234375 0.40078125 0.040625 0.0375
5 0.596875 0.39921875 0.03125 0.028125
5 0.51328125 0.38515625 0.04375 0.0453125
5 0.2984375 0.534375 0.040625 0.040625
5 0.34453125 0.434375 0.0484375 0.0453125
5 0.45 0.7125 0.0375 0.040625
5 0.55390625 0.83828125 0.0453125 0.0421875
5 0.5140625 0.3046875 0.0359375 0.034375
5 0.34453125 0.4984375 0.04375 0.0453125
5 0.3140625 0.81171875 0.0421875 0.0453125
5 0.3046875 0.584375 0.0390625 0.034375
5 0.31484375 0.78359375 0.0609375 0.04375
5 0.63515625 0.4359375 0.0515625 0.04375
5 0.7953125 0.59296875 0.053125 0.04375
5 0.3796875 0.7296875 0.0484375 0.0640625
5 0.61015625 0.81796875 0.046875 0.0625
5 0.8234375 0.47890625 0.0390625 0.0421875
5 0.4484375 0.61484375 0.0609375 0.0703125
5 0.42890625 0.340625 0.0390625 0.0359375
5 0.3109375 0.4609375 0.0484375 0.0421875
5 0.5828125 0.85546875 0.0515625 0.046875
5 0.68984375 0.43203125 0.053125 0.0421875
5 0.3515625 0.77734375 0.0359375 0.0421875
5 0.81484375 0.6671875 0.0390625 0.0328125
5 0.68046875 0.7234375 0.05625 0.05625
5 0.7859375 0.53046875 0.04375 0.0328125
5 0.334375 0.5703125 0.040625 0.0328125
5 0.5734375 0.65625 0.05625 0.0375
5 0.484375 0.715625 0.053125 0.0484375
5 0.375 0.4703125 0.0625 0.0625
5 0.3859375 0.62109375 0.053125 0.065625
5 0.34921875 0.40546875 0.0515625 0.0421875
5 0.478125 0.78046875 0.040625 0.04375
5 0.353125 0.81875 0.053125 0.05
5 0.28984375 0.6703125 0.0546875 0.0515625
5 0.64765625 0.64453125 0.0515625 0.0375
5 0.4859375 0.528125 0.0578125 0.0421875
5 0.47578125 0.8515625 0.0546875 0.040625
5 0.7078125 0.7859375 0.05 0.0390625
5 0.6375 0.840625 0.0484375 0.040625
5 0.3671875 0.66875 0.0640625 0.0609375
5 0.52890625 0.725 0.0375 0.0515625
5 0.6421875 0.665625 0.0625 0.0484375
5 0.58671875 0.30859375 0.0625 0.0578125
5 0.6359375 0.75 0.053125 0.0671875
5 0.5046875 0.79296875 0.046875 0.0625
5 0.81640625 0.53671875 0.0609375 0.0359375
5 0.3171875 0.4234375 0.0421875 0.0421875
5 0.26015625 0.565625 0.0515625 0.0453125
5 0.2484375 0.65078125 0.0390625 0.05
5 0.54765625 0.70703125 0.05625 0.05625
5 0.57265625 0.88671875 0.046875 0.0421875
5 0.43671875 0.68125 0.0484375 0.0546875
5 0.32109375 0.7296875 0.06875 0.053125
5 0.653125 0.32265625 0.05 0.0515625
5 0.44765625 0.3359375 0.0375 0.0359375
5 0.55234375 0.28046875 0.0453125 0.0375
5 0.5125 0.86328125 0.046875 0.0453125
5 0.2796875 0.6109375 0.0609375 0.0484375
5 0.47890625 0.44609375 0.05 0.0484375
5 0.48125 0.36171875 0.0484375 0.0421875