5 0.67265625 0.3015625 0.0578125 0.0296875
5 0.746875 0.32734375 0.0375 0.040625
5 0.6046875 0.33828125 0.0515625 0.0390625
5 0.6921875 0.43515625 0.0265625 0.040625
5 0.74921875 0.42578125 0.025 0.05
5 0.46484375 0.34921875 0.04375 0.0359375
5 0.71328125 0.334375 0.0359375 0.0390625
5 0.671875 0.33046875 0.040625 0.0359375
5 0.525 0.38125 0.0421875 0.0359375
5 0.76015625 0.36171875 0.0390625 0.028125
5 0.7765625 0.39375 0.040625 0.04375
5 0.6375 0.56484375 0.0390625 0.034375
5 0.61328125 0.590625 0.04375 0.0375
5 0.7515625 0.52109375 0.0359375 0.0453125
5 0.7125 0.51484375 0.0375 0.034375
5 0.725 0.62265625 0.0390625 0.0375
5 0.465625 0.51640625 0.0359375 0.0453125
5 0.665625 0.51015625 0.040625 0.0390625
5 0.51484375 0.55546875 0.0375 0.040625
5 0.61171875 0.54765625 0.03125 0.0390625
5 0.44375 0.4921875 0.0421875 0.040625
5 0.45625 0.578125 0.0484375 0.0453125
5 0.45859375 0.81953125 0.046875 0.0484375
5 0.5625 0.57578125 0.028125 0.0390625
5 0.76171875 0.59296875 0.034375 0.0328125
5 0.578125 0.43984375 0.034375 0.0328125
5 0.4671875 0.75859375 0.0375 0.0375
5 0.7703125 0.575 0.0390625 0.0375
5 0.41796875 0.43359375 0.040625 0.04375
5 0.653125 0.66484375 0.040625 0.04375
5 0.80703125 0.5671875 0.0390625 0.0296875
5 0.49375 0.74765625 0.034375 0.0265625
5 0.6890625 0.54375 0.0453125 0.028125
5 0.778125 0.63046875 0.0375 0.0453125
5 0.8421875 0.56328125 0.04375 0.0390625
5 0.79296875 0.6578125 0.040625 0.0375
5 0.79765625 0.60859375 0.0421875 0.0390625
5 0.43984375 0.54296875 0.0375 0.0328125
5 0.63046875 0.68046875 0.0375 0.0359375
5 0.575 0.42109375 0.0375 0.034375
5 0.75390625 0.6890625 0.0421875 0.05
5 0.38125 0.5671875 0.0453125 0.0265625
5 0.521875 0.62109375 0.0421875 0.0328125
5 0.715625 0.453125 0.03125 0.0375
5 0.4890625 0.4171875 0.0359375 0.0359375
5 0.56875 0.52109375 0.0375 0.028125
5 0.7328125 0.3859375 0.04375 0.0421875
5 0.521875 0.45859375 0.0515625 0.046875
5 0.64296875 0.75390625 0.04375 0.05625
5 0.684375 0.40703125 0.0390625 0.034375
5 0.50703125 0.79609375 0.0625 0.04375
5 0.8328125 0.4921875 0.046875 0.0484375
5 0.4546875 0.43046875 0.0375 0.0375
5 0.43671875 0.33125 0.040625 0.03125
5 0.45390625 0.40234375 0.0421875 0.040625
5 0.3578125 0.39453125 0.0390625 0.0375
5 0.5984375 0.759375 0.0296875 0.028125
5 0.5890625 0.48203125 0.04375 0.0328125
5 0.384375 0.4234375 0.0390625 0.034375
5 0.5734375 0.38125 0.0296875 0.025
5 0.4890625 0.38515625 0.0390625 0.0421875
5 0.31015625 0.57578125 0.0375 0.0375
5 0.334375 0.46796875 0.0453125 0.040625
5 0.4953125 0.71875 0.034375 0.0375
5 0.6234375 0.81953125 0.0421875 0.0375
5 0.4734375 0.30546875 0.0328125 0.03125
5 0.34765625 0.53046875 0.0390625 0.0421875
5 0.3828125 0.84296875 0.0375 0.0421875
5 0.3265625 0.6234375 0.0359375 0.03125
5 0.378125 0.81640625 0.0578125 0.0390625
5 0.61875 0.409375 0.0484375 0.0390625
5 0.8078125 0.52890625 0.05 0.0390625
5 0.43046875 0.74921875 0.0421875 0.0609375
5 0.67421875 0.78828125 0.040625 0.059375
5 0.8125 0.4125 0.0359375 0.0390625
5 0.4734375 0.62265625 0.0546875 0.065625
5 0.396875 0.359375 0.0375 0.0328125
5 0.30703125 0.50078125 0.0453125 0.0375
5 0.6546875 0.83046875 0.0484375 0.04375
5 0.67109375 0.39375 0.05 0.0375
5 0.4125 0.8015625 0.03125 0.0390625
5 0.8421875 0.59765625 0.0359375 0.0296875
5 0.7234375 0.68046875 0.0515625 0.0515625
5 0.78671875 0.4703125 0.0421875 0.028125
5 0.353125 0.603125 0.0375 0.0296875
5 0.60390625 0.6375 0.053125 0.0328125
5 0.52890625 0.7140625 0.05 0.0453125
5 0.371875 0.49765625 0.0578125 0.05625
5 0.41328125 0.6421875 0.046875 0.0625
5 0.33359375 0.4390625 0.0484375 0.0390625
5 0.5375 0.77890625 0.0375 0.040625
5 0.42265625 0.8421875 0.05 0.0453125
5 0.3296875 0.71015625 0.05 0.046875
5 0.675 0.61015625 0.0484375 0.0328125
5 0.4921875 0.53046875 0.0546875 0.0375
5 0.54921875 0.8484375 0.0515625 0.0359375
5 0.7625 0.73671875 0.0484375 0.0359375
5 0.70546875 0.8046875 0.0453125 0.0359375
5 0.40546875 0.69296875 0.059375 0.05625
5 0.575 0.7140625 0.0328125 0.0484375
5 0.6734375 0.6328125 0.0578125 0.04375
5 0.54453125 0.2953125 0.0578125 0.053125
5 0.68515625 0.71640625 0.0484375 0.0640625
5 0.565625 0.78515625 0.0421875 0.059375
5 0.8171875 0.4703125 0.0578125 0.0296875
5 0.30546875 0.46328125 0.0390625 0.0390625
5 0.27890625 0.6140625 0.0484375 0.040625
5 0.28515625 0.7 0.034375 0.046875
5 0.58984375 0.6921875 0.053125 0.0515625
5 0.6515625 0.86328125 0.04375 0.0390625
5 0.47578125 0.690625 0.04375 0.05
5 0.37265625 0.76171875 0.0640625 0.0484375
5 0.6125 0.29453125 0.0453125 0.0484375
5 0.41484375 0.35 0.034375 0.0328125
5 0.50546875 0.27421875 0.0421875 0.034375
5 0.58828125 0.853125 0.04375 0.040625
5 0.3078125 0.65390625 0.0578125 0.0421875
5 0.46875 0.4515625 0.046875 0.04375
5 0.453125 0.36875 0.0453125 0.0375