5 0.39296875 0.59609375 0.04765625 0.03828125
5 0.41171875 0.65703125 0.1453125 0.07890625
5 0.40859375 0.7234375 0.0453125 0.0265625
5 0.32890625 0.60546875 0.02890625 0.01953125
5 0.33125 0.55078125 0.04765625 0.015625
5 0.61171875 0.55625 0.11015625 0.05859375
5 0.3359375 0.7859375 0.06328125 0.04375
5 0.31953125 0.52421875 0.05390625 0.0359375
5 0.2765625 0.5765625 0.06953125 0.04296875
5 0.1953125 0.62421875 0.02734375 0.040625
5 0.85859375 0.6609375 0.05234375 0.0390625
5 0.78125 0.4921875 0.04609375 0.04296875
4 0.68828125 0.6671875 0.0828125 0.0421875
4 0.7734375 0.56484375 0.075 0.0328125