5 0.409375 0.61171875 0.053125 0.0453125
5 0.4375 0.66875 0.15625 0.1
5 0.44453125 0.73515625 0.0484375 0.0328125
5 0.34765625 0.63125 0.03125 0.0234375
5 0.34140625 0.5765625 0.05 0.0234375
5 0.61953125 0.53828125 0.1171875 0.075
5 0.3828125 0.8078125 0.06875 0.053125
5 0.32578125 0.55234375 0.059375 0.04375
5 0.29140625 0.6109375 0.075 0.053125
5 0.21875 0.6703125 0.0328125 0.04375
5 0.8796875 0.603125 0.0578125 0.046875
5 0.7765625 0.4484375 0.0515625 0.05
4 0.7125 0.6359375 0.0890625 0.0546875
4 0.78046875 0.52109375 0.0796875 0.04375