5 0.38984375 0.5921875 0.0484375 0.040625
5 0.40625 0.65390625 0.1484375 0.084375
5 0.40078125 0.7203125 0.046875 0.028125
5 0.325 0.59921875 0.0296875 0.0203125
5 0.3296875 0.54453125 0.0484375 0.0171875
5 0.609375 0.56015625 0.1125 0.0625
5 0.32578125 0.7796875 0.0640625 0.0453125
5 0.31875 0.51796875 0.0546875 0.0375
5 0.27421875 0.56875 0.0703125 0.0453125
5 0.19140625 0.61328125 0.028125 0.0421875
5 0.853125 0.6734375 0.053125 0.040625
5 0.78125 0.50234375 0.046875 0.0453125
4 0.68203125 0.6734375 0.084375 0.0453125
4 0.77109375 0.57421875 0.0765625 0.0359375