5 0.67890625 0.521875 0.0984375 0.1078125
5 0.365625 0.35234375 0.078125 0.140625
5 0.465625 0.39609375 0.0984375 0.1578125
5 0.35078125 0.8390625 0.125 0.1359375
5 0.64296875 0.62265625 0.05 0.075
5 0.3984375 0.40703125 0.0765625 0.13125
5 0.42890625 0.74609375 0.1640625 0.15625
5 0.42265625 0.5203125 0.0796875 0.1296875
5 0.215625 0.53125 0.1203125 0.14375
5 0.3375 0.64609375 0.05 0.078125
5 0.3625 0.51015625 0.0609375 0.0890625
5 0.534375 0.471875 0.0640625 0.0953125
5 0.325 0.42265625 0.053125 0.090625
5 0.43984375 0.2984375 0.1078125 0.109375
5 0.6109375 0.625 0.059375 0.171875
5 0.32265625 0.4765625 0.046875 0.075
5 0.6234375 0.3765625 0.0890625 0.1359375
5 0.25390625 0.35234375 0.071875 0.053125