5 0.68046875 0.5 0.08671875 0.0984375
5 0.3484375 0.36953125 0.06171875 0.134375
5 0.453125 0.40078125 0.08125 0.14921875
5 0.39296875 0.8546875 0.1109375 0.12265625
5 0.65703125 0.6046875 0.04140625 0.07109375
5 0.38828125 0.4203125 0.06171875 0.125
5 0.459375 0.753125 0.14765625 0.13984375
5 0.42578125 0.5296875 0.06484375 0.12265625
5 0.221875 0.565625 0.10546875 0.13125
5 0.35625 0.66484375 0.040625 0.07421875
5 0.36484375 0.5265625 0.05078125 0.08359375
5 0.53046875 0.46796875 0.053125 0.0890625
5 0.3171875 0.44453125 0.0421875 0.08671875
5 0.415625 0.30703125 0.09609375 0.0984375
5 0.625 0.6109375 0.0390625 0.16796875
5 0.32109375 0.4984375 0.0390625 0.0703125
5 0.6078125 0.3625 0.0734375 0.128125
5 0.2375 0.38359375 0.06640625 0.0453125