5 0.6796875 0.515625 0.0953125 0.10625
5 0.36015625 0.35703125 0.0734375 0.1390625
5 0.46171875 0.396875 0.09375 0.15625
5 0.3625 0.84375 0.121875 0.13125
5 0.64765625 0.61796875 0.046875 0.075
5 0.3953125 0.4109375 0.071875 0.1296875
5 0.4375 0.7484375 0.159375 0.1515625
5 0.4234375 0.5234375 0.075 0.128125
5 0.2171875 0.54140625 0.1171875 0.140625
5 0.3421875 0.6515625 0.046875 0.078125
5 0.36328125 0.51484375 0.0578125 0.0875
5 0.5328125 0.47109375 0.0609375 0.09375
5 0.32265625 0.42890625 0.05 0.090625
5 0.4328125 0.30078125 0.1046875 0.10625
5 0.61484375 0.62109375 0.053125 0.1703125
5 0.321875 0.4828125 0.0453125 0.0734375
5 0.61953125 0.37265625 0.084375 0.134375
5 0.2484375 0.3609375 0.0703125 0.0515625