5 0.55546875 0.36796875 0.0296875 0.028125
5 0.2296875 0.73671875 0.0421875 0.0296875
5 0.6046875 0.2796875 0.0453125 0.028125
5 0.1234375 0.77890625 0.0359375 0.0265625
5 0.775 0.546875 0.0234375 0.015625
5 0.41015625 0.73359375 0.0359375 0.0234375
5 0.34375 0.5390625 0.0296875 0.0234375
5 0.525 0.24609375 0.021875 0.0109375
5 0.11953125 0.79921875 0.0375 0.0359375
5 0.53515625 0.41640625 0.021875 0.015625
5 0.6046875 0.596875 0.0453125 0.021875
5 0.51484375 0.340625 0.0578125 0.0484375
5 0.15859375 0.74140625 0.034375 0.025
5 0.36328125 0.353125 0.034375 0.021875
5 0.35078125 0.896875 0.0203125 0.0140625
5 0.2921875 0.39375 0.03125 0.04375
5 0.30078125 0.853125 0.0484375 0.0375
5 0.74765625 0.5 0.0578125 0.0234375
5 0.35625 0.4421875 0.0234375 0.021875
5 0.12109375 0.83203125 0.065625 0.034375
5 0.70703125 0.4875 0.0484375 0.028125
5 0.20390625 0.70546875 0.0171875 0.0140625
5 0.0625 0.753125 0.0328125 0.025
5 0.7578125 0.3046875 0.0265625 0.028125
5 0.53515625 0.4390625 0.03125 0.0359375
5 0.39296875 0.659375 0.0671875 0.040625
5 0.88984375 0.50390625 0.0296875 0.025
5 0.8046875 0.65546875 0.0421875 0.04375
5 0.2375 0.8859375 0.0484375 0.01875
5 0.34453125 0.68671875 0.0609375 0.040625
5 0.2390625 0.3765625 0.040625 0.046875
5 0.81484375 0.3484375 0.0265625 0.025
5 0.475 0.30625 0.0328125 0.028125
5 0.52265625 0.296875 0.0453125 0.0328125
5 0.75 0.365625 0.021875 0.01875
5 0.03046875 0.81796875 0.01875 0.021875
5 0.346875 0.36953125 0.059375 0.0421875
5 0.328125 0.45078125 0.0234375 0.028125
5 0.26484375 0.83671875 0.01875 0.0140625
5 0.62421875 0.23359375 0.0140625 0.01875
5 0.57890625 0.30859375 0.01875 0.0109375
5 0.5890625 0.29296875 0.0203125 0.015625
5 0.14453125 0.75625 0.05 0.015625
5 0.2484375 0.41640625 0.025 0.0203125
5 0.45859375 0.78359375 0.0453125 0.0421875
5 0.8171875 0.41484375 0.0234375 0.0203125
5 0.528125 0.53515625 0.0375 0.0265625
5 0.8265625 0.384375 0.046875 0.0484375
5 0.459375 0.33203125 0.053125 0.0421875
5 0.6484375 0.56953125 0.03125 0.0234375
5 0.8328125 0.64921875 0.04375 0.0375
5 0.2828125 0.5921875 0.0359375 0.0234375
5 0.84453125 0.58828125 0.046875 0.0328125
5 0.625 0.53359375 0.025 0.021875
5 0.0375 0.75859375 0.0140625 0.0171875
5 0.653125 0.3828125 0.0640625 0.0609375
5 0.34296875 0.77421875 0.01875 0.0109375
5 0.190625 0.41015625 0.0640625 0.03125
5 0.42734375 0.7703125 0.0375 0.034375
5 0.41796875 0.80390625 0.028125 0.028125
5 0.321875 0.69921875 0.0234375 0.015625
5 0.10078125 0.8359375 0.040625 0.0234375
5 0.04453125 0.71328125 0.0234375 0.0171875
5 0.8375 0.5625 0.0140625 0.01875
5 0.5578125 0.42734375 0.028125 0.0359375
5 0.678125 0.6375 0.0796875 0.0453125
5 0.21796875 0.5453125 0.046875 0.0375
5 0.4125 0.64609375 0.0140625 0.0234375
5 0.00390625 0.75390625 0.0078125 0.0078125
5 0.54375 0.6234375 0.0921875 0.04375
5 0.28125 0.3 0.0671875 0.0265625
5 0.178125 0.8015625 0.0125 0.0203125
5 0.09375 0.8015625 0.0125 0.021875
5 0.7625 0.6671875 0.034375 0.021875
5 0.2359375 0.48046875 0.0375 0.06875
5 0.396875 0.50078125 0.06875 0.06875
5 0.43984375 0.53515625 0.0546875 0.05
5 0.20390625 0.43203125 0.059375 0.0421875
3 0.54140625 0.70390625 0.171875 0.1234375
3 0.33203125 0.3015625 0.190625 0.0984375
3 0.8375 0.4609375 0.171875 0.08125
3 0.24609375 0.59453125 0.165625 0.090625