5 0.4328125 0.37265625 0.03125 0.0296875
5 0.78984375 0.71171875 0.04375 0.0328125
5 0.3765625 0.28984375 0.046875 0.03125
5 0.89921875 0.74453125 0.0375 0.0296875
5 0.23046875 0.57109375 0.0234375 0.0171875
5 0.609375 0.72421875 0.0375 0.0265625
5 0.659375 0.52578125 0.03125 0.0265625
5 0.453125 0.24921875 0.021875 0.0125
5 0.9046875 0.76484375 0.040625 0.0390625
5 0.45703125 0.4203125 0.021875 0.0171875
5 0.40390625 0.60546875 0.046875 0.025
5 0.47109375 0.3421875 0.0609375 0.053125
5 0.8609375 0.7109375 0.0359375 0.0265625
5 0.6234375 0.34140625 0.0359375 0.025
5 0.68359375 0.88203125 0.021875 0.015625
5 0.69765625 0.3765625 0.034375 0.0453125
5 0.72890625 0.834375 0.0515625 0.0421875
5 0.253125 0.521875 0.0578125 0.028125
5 0.63828125 0.43046875 0.025 0.0234375
5 0.90625 0.79765625 0.0671875 0.0390625
5 0.2921875 0.50546875 0.05 0.03125
5 0.8125 0.67890625 0.0171875 0.015625
5 0.9578125 0.7140625 0.034375 0.0265625
5 0.2265625 0.328125 0.028125 0.0296875
5 0.459375 0.44296875 0.034375 0.0390625
5 0.6203125 0.64921875 0.06875 0.0453125
5 0.11171875 0.53828125 0.03125 0.0265625
5 0.209375 0.68125 0.0453125 0.046875
5 0.7953125 0.8609375 0.0484375 0.021875
5 0.67109375 0.671875 0.0640625 0.0453125
5 0.74921875 0.3546875 0.04375 0.05
5 0.17265625 0.3765625 0.028125 0.0265625
5 0.50859375 0.3046875 0.034375 0.03125
5 0.459375 0.29921875 0.0484375 0.0359375
5 0.23984375 0.38828125 0.021875 0.0203125
5 0.9921875 0.77578125 0.015625 0.0234375
5 0.640625 0.35625 0.0609375 0.046875
5 0.66640625 0.4359375 0.025 0.0296875
5 0.76328125 0.81484375 0.0203125 0.015625
5 0.353125 0.2453125 0.015625 0.0203125
5 0.4046875 0.31640625 0.01875 0.0125
5 0.39296875 0.3015625 0.021875 0.0171875
5 0.8765625 0.72421875 0.05 0.0203125
5 0.74296875 0.39453125 0.025 0.021875
5 0.56640625 0.77890625 0.0484375 0.0453125
5 0.1765625 0.44296875 0.025 0.021875
5 0.475 0.5375 0.0390625 0.0296875
5 0.16484375 0.41328125 0.05 0.0515625
5 0.52578125 0.3296875 0.05625 0.046875
5 0.35859375 0.5828125 0.0328125 0.025
5 0.18125 0.67734375 0.0453125 0.040625
5 0.72421875 0.57265625 0.0359375 0.025
5 0.16484375 0.61796875 0.05 0.0375
5 0.378125 0.54453125 0.0265625 0.025
5 0.9828125 0.7171875 0.015625 0.01875
5 0.3375 0.39609375 0.06875 0.065625
5 0.68046875 0.759375 0.01875 0.0109375
5 0.80078125 0.38359375 0.0640625 0.0375
5 0.59609375 0.76328125 0.040625 0.0375
5 0.60859375 0.7953125 0.0296875 0.0296875
5 0.69453125 0.6828125 0.025 0.0171875
5 0.9265625 0.8 0.0421875 0.0265625
5 0.971875 0.67265625 0.025 0.0203125
5 0.16953125 0.59140625 0.015625 0.0203125
5 0.4359375 0.4328125 0.0296875 0.0375
5 0.334375 0.65234375 0.08125 0.0515625
5 0.78515625 0.5203125 0.0484375 0.040625
5 0.6 0.63828125 0.0171875 0.0234375
5 0.4671875 0.6265625 0.09375 0.05
5 0.7 0.28203125 0.0671875 0.0328125
5 0.846875 0.77265625 0.0140625 0.0203125
5 0.93125 0.76484375 0.0140625 0.021875
5 0.253125 0.68984375 0.0359375 0.0234375
5 0.76171875 0.45703125 0.0421875 0.0703125
5 0.60234375 0.4921875 0.0734375 0.0734375
5 0.56328125 0.5296875 0.0578125 0.053125
5 0.7890625 0.40625 0.0609375 0.046875
3 0.4765625 0.70703125 0.178125 0.1359375
3 0.65 0.2875 0.1953125 0.1140625
3 0.1609375 0.490625 0.175 0.0953125
3 0.76171875 0.571875 0.1703125 0.1046875