5 0.54140625 0.3625 0.02734375 0.025
5 0.25625 0.76328125 0.03984375 0.025
5 0.58125 0.2703125 0.04375 0.0234375
5 0.1546875 0.81640625 0.034375 0.0234375
5 0.778125 0.51796875 0.021875 0.01328125
5 0.43515625 0.74140625 0.034375 0.0203125
5 0.3484375 0.55546875 0.028125 0.02109375
5 0.4984375 0.24453125 0.0203125 0.00859375
5 0.153125 0.8375 0.034375 0.0328125
5 0.5265625 0.41328125 0.0203125 0.01328125
5 0.6140625 0.58515625 0.04453125 0.0171875
5 0.4984375 0.33984375 0.05390625 0.04296875
5 0.1859375 0.77578125 0.03203125 0.02109375
5 0.3484375 0.36796875 0.0328125 0.01875
5 0.39296875 0.91015625 0.01953125 0.01171875
5 0.28203125 0.41640625 0.0265625 0.040625
5 0.3390625 0.871875 0.0453125 0.03359375
5 0.74609375 0.47421875 0.05546875 0.01796875
5 0.35078125 0.4578125 0.02109375 0.01953125
5 0.1578125 0.86953125 0.0625 0.028125
5 0.7046875 0.465625 0.046875 0.0234375
5 0.22734375 0.73515625 0.015625 0.0125
5 0.09140625 0.79765625 0.03046875 0.021875
5 0.7359375 0.27890625 0.02421875 0.025
5 0.52890625 0.4359375 0.028125 0.03359375
5 0.41015625 0.66953125 0.06328125 0.034375
5 0.88828125 0.46328125 0.028125 0.021875
5 0.81953125 0.62265625 0.0375 0.040625
5 0.27890625 0.9109375 0.046875 0.01328125
5 0.36484375 0.7015625 0.0578125 0.034375
5 0.22734375 0.4046875 0.03671875 0.04375
5 0.79765625 0.31640625 0.02421875 0.02265625
5 0.4546875 0.31015625 0.0296875 0.02578125
5 0.5015625 0.2953125 0.04296875 0.02890625
5 0.734375 0.340625 0.01953125 0.0171875
5 0.06640625 0.865625 0.0171875 0.0203125
5 0.334375 0.3859375 0.05546875 0.03671875
5 0.32421875 0.46875 0.02109375 0.02578125
5 0.3015625 0.859375 0.01796875 0.0125
5 0.5953125 0.221875 0.01171875 0.01796875
5 0.55859375 0.3015625 0.01796875 0.00859375
5 0.5671875 0.28515625 0.01953125 0.0140625
5 0.1734375 0.7921875 0.04921875 0.0109375
5 0.24140625 0.44296875 0.02265625 0.01796875
5 0.48828125 0.78671875 0.0421875 0.0375
5 0.80625 0.38203125 0.02109375 0.01875
5 0.53203125 0.53203125 0.0359375 0.0234375
5 0.8125 0.35078125 0.04296875 0.04375
5 0.4421875 0.3375 0.05 0.0375
5 0.6546875 0.55390625 0.0296875 0.0203125
5 0.846875 0.61328125 0.03984375 0.03359375
5 0.29375 0.6140625 0.03359375 0.01953125
5 0.8515625 0.5515625 0.04453125 0.02890625
5 0.628125 0.5203125 0.0234375 0.0203125
5 0.0671875 0.80546875 0.0125 0.01640625
5 0.63984375 0.3671875 0.059375 0.0546875
5 0.37265625 0.7890625 0.0171875 0.00859375
5 0.1828125 0.44296875 0.0609375 0.02578125
5 0.45625 0.7765625 0.03515625 0.03125
5 0.45 0.8109375 0.025 0.02578125
5 0.34375 0.71640625 0.02265625 0.01328125
5 0.13828125 0.87578125 0.03828125 0.0203125
5 0.06953125 0.759375 0.02265625 0.015625
5 0.8421875 0.5265625 0.01171875 0.01796875
5 0.55 0.421875 0.02421875 0.03359375
5 0.69140625 0.61796875 0.07578125 0.0375
5 0.22421875 0.57421875 0.04296875 0.03359375
5 0.428125 0.6546875 0.0125 0.021875
5 0.03125 0.8046875 0.01171875 0.00703125
5 0.55625 0.61796875 0.0890625 0.034375
5 0.26171875 0.32421875 0.06484375 0.0203125
5 0.21171875 0.83359375 0.01015625 0.01875
5 0.12734375 0.8421875 0.01015625 0.02109375
5 0.77890625 0.6390625 0.0328125 0.01796875
5 0.23515625 0.5078125 0.03046875 0.065625
5 0.39765625 0.51171875 0.06328125 0.0625
5 0.44375 0.54140625 0.05 0.04453125
5 0.1984375 0.46328125 0.05546875 0.03671875
3 0.5625 0.6984375 0.1609375 0.10703125
3 0.3125 0.3203125 0.1828125 0.08046875
3 0.83125 0.42578125 0.165625 0.06484375
3 0.25703125 0.6203125 0.159375 0.075