5 0.61484375 0.40390625 0.0484375 0.0421875
5 0.43125 0.721875 0.096875 0.0828125
5 0.48359375 0.33515625 0.05625 0.084375
5 0.36875 0.4140625 0.0546875 0.0359375
5 0.65 0.4328125 0.0671875 0.03125
5 0.31171875 0.3734375 0.0421875 0.0515625
5 0.503125 0.40390625 0.015625 0.025
5 0.578125 0.66875 0.1125 0.1078125
5 0.59375 0.478125 0.0828125 0.096875
5 0.52265625 0.528125 0.10625 0.0828125
5 0.4453125 0.503125 0.0859375 0.0625
5 0.68984375 0.56875 0.03125 0.0234375
5 0.540625 0.7296875 0.0671875 0.059375
5 0.5828125 0.32421875 0.028125 0.0328125
5 0.65390625 0.50625 0.0421875 0.0546875