5 0.40390625 0.3859375 0.053125 0.0484375
5 0.5296875 0.73046875 0.1078125 0.096875
5 0.54453125 0.340625 0.06875 0.090625
5 0.64453125 0.4375 0.0578125 0.04375
5 0.3640625 0.4078125 0.0703125 0.0421875
5 0.70703125 0.40859375 0.05 0.0578125
5 0.5140625 0.4046875 0.0203125 0.0265625
5 0.39375 0.65234375 0.128125 0.1234375
5 0.41171875 0.46171875 0.096875 0.1078125
5 0.47265625 0.5234375 0.1171875 0.0984375
5 0.553125 0.5125 0.09375 0.075
5 0.30078125 0.53515625 0.034375 0.028125
5 0.41953125 0.71875 0.0765625 0.06875
5 0.4484375 0.3125 0.0328125 0.0375
5 0.34765625 0.47890625 0.05 0.059375