5 0.61953125 0.41015625 0.04609375 0.0390625
5 0.41953125 0.71796875 0.09296875 0.07734375
5 0.4921875 0.334375 0.05234375 0.08125
5 0.3734375 0.40703125 0.05234375 0.03359375
5 0.653125 0.440625 0.065625 0.028125
5 0.31875 0.3640625 0.03984375 0.05
5 0.5078125 0.40390625 0.01484375 0.02421875
5 0.56953125 0.67265625 0.1078125 0.1015625
5 0.59453125 0.4828125 0.078125 0.0921875
5 0.52109375 0.52890625 0.10234375 0.078125
5 0.4453125 0.5 0.0828125 0.0578125
5 0.6859375 0.57890625 0.03046875 0.02109375
5 0.52890625 0.73125 0.06484375 0.05625
5 0.5921875 0.32890625 0.02578125 0.03203125
5 0.653125 0.5140625 0.0390625 0.05234375