5 0.57109375 0.5890625 0.08359375 0.0703125
5 0.75234375 0.48984375 0.0890625 0.07734375
5 0.56796875 0.471875 0.1 0.0625
5 0.73515625 0.5890625 0.0796875 0.0875
5 0.62890625 0.41328125 0.09296875 0.07109375
5 0.52421875 0.41875 0.08359375 0.07109375
5 0.69609375 0.4125 0.06328125 0.090625
5 0.4546875 0.44140625 0.1015625 0.05625
5 0.571875 0.371875 0.07734375 0.04765625
5 0.3671875 0.478125 0.08984375 0.05078125
5 0.55703125 0.7453125 0.1078125 0.09140625
5 0.678125 0.58046875 0.05546875 0.05546875
5 0.65 0.48046875 0.08359375 0.06875
5 0.77109375 0.41015625 0.0796875 0.078125
5 0.6484375 0.67421875 0.06484375 0.06015625
5 0.63671875 0.578125 0.0578125 0.04765625
5 0.38671875 0.6453125 0.09296875 0.03671875
5 0.68046875 0.3515625 0.053125 0.03515625
5 0.37734375 0.73984375 0.0875 0.06796875
5 0.32109375 0.52421875 0.06015625 0.04921875
5 0.28515625 0.51953125 0.0609375 0.06015625
5 0.22890625 0.72109375 0.06171875 0.053125
5 0.31875 0.5734375 0.06640625 0.0453125
5 0.43359375 0.7046875 0.06796875 0.0453125
5 0.4421875 0.7546875 0.05546875 0.05
5 0.51171875 0.64765625 0.06640625 0.06328125
5 0.43671875 0.5 0.0734375 0.05078125
5 0.39375 0.79609375 0.06953125 0.071875
5 0.25 0.58359375 0.04140625 0.03828125
5 0.38359375 0.56953125 0.07109375 0.0546875
5 0.57421875 0.0890625 0.03984375 0.034375
5 0.26796875 0.753125 0.0796875 0.0875
5 0.74453125 0.10625 0.053125 0.04375
3 0.48046875 0.70703125 0.07421875 0.04921875
5 0.78125 0.55703125 0.034375 0.04765625
5 0.2234375 0.63046875 0.03828125 0.04375
5 0.63515625 0.3609375 0.071875 0.04375
5 0.48984375 0.571875 0.10703125 0.06796875
5 0.73046875 0.5359375 0.0625 0.04765625
5 0.48359375 0.76171875 0.040625 0.05859375
5 0.4671875 0.540625 0.090625 0.05859375
5 0.63125 0.5328125 0.09296875 0.0484375
5 0.3171875 0.71171875 0.04765625 0.0546875
5 0.634375 0.04375 0.03203125 0.0265625