5 0.42265625 0.58359375 0.0890625 0.0765625
5 0.24921875 0.47265625 0.09375 0.0828125
5 0.434375 0.4671875 0.1046875 0.06875
5 0.259375 0.57265625 0.0859375 0.0921875
5 0.37734375 0.4046875 0.0984375 0.078125
5 0.48125 0.4171875 0.0890625 0.0765625
5 0.31015625 0.39921875 0.06875 0.0953125
5 0.54921875 0.44453125 0.1046875 0.0625
5 0.4375 0.3671875 0.08125 0.053125
5 0.634375 0.4875 0.09375 0.05625
5 0.42578125 0.740625 0.1140625 0.0984375
5 0.31640625 0.56796875 0.059375 0.059375
5 0.3515625 0.4703125 0.0875 0.075
5 0.2359375 0.39140625 0.084375 0.0828125
5 0.33984375 0.66328125 0.06875 0.0640625
5 0.3578125 0.56875 0.0609375 0.0515625
5 0.603125 0.653125 0.0953125 0.04375
5 0.33046875 0.3390625 0.0546875 0.0390625
5 0.60546875 0.74765625 0.0921875 0.0734375
5 0.6765625 0.53671875 0.0640625 0.053125
5 0.71328125 0.534375 0.065625 0.0640625
5 0.7546875 0.73984375 0.065625 0.0578125
5 0.67578125 0.5859375 0.06875 0.05
5 0.55234375 0.70859375 0.0703125 0.05
5 0.53984375 0.7578125 0.059375 0.053125
5 0.478125 0.64609375 0.0703125 0.0671875
5 0.56328125 0.5046875 0.0765625 0.05625
5 0.58515625 0.803125 0.075 0.0765625
5 0.74375 0.60078125 0.04375 0.040625
5 0.6109375 0.57734375 0.075 0.059375
5 0.4546875 0.08515625 0.0421875 0.0375
5 0.7140625 0.76875 0.0859375 0.0921875
5 0.28359375 0.08984375 0.05625 0.046875
3 0.5046875 0.7078125 0.078125 0.0546875
5 0.215625 0.5375 0.0375 0.05
5 0.76640625 0.64921875 0.040625 0.046875
5 0.375 0.3515625 0.075 0.0484375
5 0.50546875 0.57265625 0.1109375 0.075
5 0.26796875 0.51953125 0.065625 0.0515625
5 0.4984375 0.7625 0.0453125 0.0609375
5 0.5296875 0.54296875 0.09375 0.0640625
5 0.36640625 0.5234375 0.096875 0.0546875
5 0.66796875 0.72421875 0.0515625 0.0578125
5 0.39765625 0.03515625 0.034375 0.028125