5 0.44375 0.59921875 0.09375 0.0828125
5 0.24921875 0.5296875 0.1 0.090625
5 0.428125 0.4828125 0.1078125 0.078125
5 0.28203125 0.625 0.0921875 0.0984375
5 0.359375 0.434375 0.103125 0.084375
5 0.46328125 0.4234375 0.09375 0.0828125
5 0.29296875 0.44453125 0.0765625 0.1
5 0.5359375 0.43515625 0.109375 0.071875
5 0.40859375 0.384375 0.084375 0.059375
5 0.628125 0.4578125 0.096875 0.0640625
5 0.48203125 0.7515625 0.1203125 0.1078125
5 0.33671875 0.60703125 0.0640625 0.0640625
5 0.3484375 0.50390625 0.09375 0.08125
5 0.21796875 0.45390625 0.090625 0.0890625
5 0.38046875 0.6953125 0.0734375 0.0703125
5 0.37734375 0.5984375 0.0640625 0.05625
5 0.634375 0.62578125 0.096875 0.0515625
5 0.2984375 0.38125 0.0578125 0.04375
5 0.65859375 0.71796875 0.096875 0.08125
5 0.68046875 0.49609375 0.0671875 0.0578125
5 0.715625 0.4859375 0.0703125 0.06875
5 0.80234375 0.67578125 0.06875 0.0625
5 0.690625 0.54453125 0.0734375 0.0546875
5 0.59765625 0.69140625 0.075 0.0546875
5 0.596875 0.7421875 0.0625 0.0578125
5 0.51171875 0.64765625 0.075 0.0734375
5 0.5625 0.48984375 0.08125 0.0609375
5 0.6515625 0.77578125 0.0796875 0.08125
5 0.76015625 0.54375 0.046875 0.04375
5 0.62578125 0.55078125 0.078125 0.065625
5 0.3625 0.10546875 0.0453125 0.040625
5 0.76875 0.7140625 0.0921875 0.0984375
5 0.196875 0.14921875 0.059375 0.0515625
3 0.5515625 0.7015625 0.08125 0.0609375
5 0.23125 0.6 0.0421875 0.053125
5 0.79375 0.5859375 0.0453125 0.0484375
5 0.34453125 0.38359375 0.078125 0.0546875
5 0.52109375 0.56953125 0.115625 0.084375
5 0.278125 0.571875 0.06875 0.05625
5 0.55703125 0.75625 0.05 0.0640625
5 0.5390625 0.53515625 0.0984375 0.071875
5 0.37578125 0.553125 0.1 0.0625
5 0.7140625 0.68046875 0.05625 0.0609375
5 0.29609375 0.0703125 0.0359375 0.03125