5 0.35625 0.2296875 0.078125 0.0765625
5 0.30390625 0.2015625 0.071875 0.0828125
5 0.478125 0.53359375 0.15625 0.1
5 0.39765625 0.25234375 0.078125 0.0671875
5 0.27734375 0.57109375 0.253125 0.1703125
5 0.26171875 0.1765625 0.0578125 0.075
5 0.728125 0.55625 0.1265625 0.1140625
5 0.171875 0.46796875 0.15625 0.1078125
5 0.61875 0.64296875 0.184375 0.16875
5 0.27578125 0.33671875 0.1078125 0.121875
5 0.1421875 0.575 0.0828125 0.0859375
5 0.4 0.71015625 0.246875 0.1453125
5 0.4546875 0.659375 0.203125 0.13125
5 0.4375 0.5828125 0.19375 0.1125
5 0.171875 0.4984375 0.1484375 0.1203125
5 0.14140625 0.45 0.0953125 0.075
5 0.546875 0.7671875 0.1765625 0.103125
5 0.73125 0.64375 0.19375 0.1421875
5 0.53671875 0.6765625 0.1578125 0.1484375
5 0.40625 0.37578125 0.2015625 0.1046875
5 0.72578125 0.71640625 0.084375 0.084375
5 0.7125 0.4703125 0.109375 0.1078125
5 0.19140625 0.60390625 0.09375 0.0953125
5 0.3546875 0.41484375 0.0859375 0.0859375
5 0.828125 0.5265625 0.1625 0.1625
5 0.32578125 0.49921875 0.178125 0.15