5 0.29140625 0.27578125 0.0640625 0.06171875
5 0.23359375 0.2625 0.0546875 0.071875
5 0.4875 0.53828125 0.14375 0.065625
5 0.3375 0.2875 0.0671875 0.05234375
5 0.303125 0.6265625 0.23125 0.11484375
5 0.1859375 0.24921875 0.0421875 0.065625
5 0.73515625 0.4953125 0.10625 0.08984375
5 0.175 0.55390625 0.1421875 0.07421875
5 0.6515625 0.60703125 0.1546875 0.13359375
5 0.24140625 0.4 0.084375 0.10390625
5 0.1734375 0.66484375 0.0671875 0.0703125
5 0.4578125 0.72890625 0.23203125 0.08828125
5 0.49765625 0.665625 0.1875 0.08515625
5 0.4609375 0.59609375 0.1828125 0.0671875
5 0.1828125 0.58359375 0.1296875 0.08984375
5 0.140625 0.54453125 0.084375 0.0546875
5 0.61484375 0.74609375 0.16640625 0.0625
5 0.7609375 0.57890625 0.1734375 0.1
5 0.58125 0.6609375 0.13125 0.11796875
5 0.37734375 0.40390625 0.19296875 0.05703125
5 0.77421875 0.65078125 0.06796875 0.06953125
5 0.69765625 0.41640625 0.090625 0.08671875
5 0.22890625 0.68046875 0.07578125 0.07890625
5 0.3375 0.45546875 0.0703125 0.06953125
5 0.8234375 0.440625 0.13203125 0.1328125
5 0.33125 0.54453125 0.15390625 0.11328125