5 0.74765625 0.31953125 0.075 0.0734375
5 0.80703125 0.31796875 0.0671875 0.08125
5 0.5046875 0.53984375 0.153125 0.0921875
5 0.7 0.32265625 0.0765625 0.0640625
5 0.66875 0.66171875 0.2484375 0.15625
5 0.85625 0.3140625 0.0546875 0.071875
5 0.2703125 0.45078125 0.121875 0.1078125
5 0.80859375 0.61484375 0.153125 0.1
5 0.33046875 0.57578125 0.1765625 0.1609375
5 0.77265625 0.4515625 0.103125 0.11875
5 0.7890625 0.72421875 0.0796875 0.08125
5 0.49765625 0.7328125 0.2453125 0.13125
5 0.4703125 0.66328125 0.2 0.11875
5 0.5203125 0.6015625 0.1921875 0.1015625
5 0.7953125 0.64296875 0.14375 0.1125
5 0.84453125 0.6125 0.09375 0.0703125
5 0.340625 0.71953125 0.175 0.09375
5 0.22890625 0.52734375 0.1890625 0.13125
5 0.38984375 0.6421875 0.1515625 0.140625
5 0.6390625 0.42890625 0.2 0.0921875
5 0.20234375 0.5953125 0.0796875 0.08125
5 0.321875 0.38046875 0.10625 0.103125
5 0.73203125 0.72890625 0.0890625 0.0921875
5 0.66796875 0.4875 0.0828125 0.08125
5 0.19375 0.3796875 0.1546875 0.15625
5 0.65703125 0.57578125 0.1734375 0.140625