5 0.40859375 0.553125 0.0953125 0.1171875
5 0.5609375 0.6890625 0.11875 0.1625
5 0.52578125 0.46328125 0.0796875 0.1125
5 0.31484375 0.53828125 0.0859375 0.1078125
5 0.5296875 0.24609375 0.09375 0.1125
5 0.4828125 0.4328125 0.0453125 0.0484375
5 0.5078125 0.6453125 0.0734375 0.09375
5 0.55078125 0.39375 0.1 0.0703125
5 0.62109375 0.2546875 0.065625 0.0734375
5 0.44453125 0.3609375 0.0484375 0.06875
5 0.5609375 0.34375 0.0609375 0.04375
5 0.609375 0.221875 0.0375 0.059375
5 0.6453125 0.390625 0.040625 0.0390625
5 0.49296875 0.28359375 0.096875 0.1015625
5 0.60078125 0.53046875 0.1328125 0.0859375
5 0.42734375 0.48359375 0.1046875 0.0765625
5 0.56875 0.20546875 0.03125 0.053125
5 0.6234375 0.33984375 0.0375 0.053125
5 0.37578125 0.3078125 0.0640625 0.1171875
5 0.65078125 0.61640625 0.1078125 0.1171875
5 0.409375 0.32421875 0.034375 0.0453125
5 0.353125 0.65703125 0.1 0.1046875