5 0.41953125 0.56796875 0.078125 0.1046875
5 0.59296875 0.67578125 0.09453125 0.1484375
5 0.51875 0.459375 0.06328125 0.10234375
5 0.32421875 0.56953125 0.0703125 0.096875
5 0.48515625 0.24453125 0.07734375 0.10078125
5 0.47109375 0.43671875 0.0390625 0.0421875
5 0.5328125 0.64140625 0.06015625 0.084375
5 0.53125 0.38671875 0.0921875 0.05546875
5 0.5765625 0.2375 0.05546875 0.0640625
5 0.42109375 0.37265625 0.03828125 0.06328125
5 0.5328125 0.3359375 0.05625 0.03515625
5 0.559375 0.20703125 0.02890625 0.0546875
5 0.62421875 0.3671875 0.03515625 0.0328125
5 0.45546875 0.28828125 0.08203125 0.0890625
5 0.6046875 0.5125 0.12265625 0.06640625
5 0.42578125 0.49609375 0.09609375 0.0609375
5 0.51640625 0.19765625 0.02265625 0.05
5 0.59375 0.32109375 0.02890625 0.0484375
5 0.34453125 0.33203125 0.04609375 0.1109375
5 0.66875 0.58828125 0.09140625 0.10234375
5 0.38046875 0.3421875 0.028125 0.040625
5 0.3828125 0.68046875 0.0859375 0.09140625