5 0.56171875 0.58515625 0.1015625 0.1203125
5 0.3671875 0.6484375 0.128125 0.1671875
5 0.49140625 0.45625 0.0859375 0.1140625
5 0.65390625 0.61015625 0.0921875 0.1109375
5 0.5765625 0.25546875 0.1 0.1171875
5 0.54296875 0.4453125 0.0484375 0.05
5 0.43359375 0.62890625 0.078125 0.096875
5 0.496875 0.3828125 0.103125 0.0765625
5 0.4890625 0.2265625 0.06875 0.075
5 0.60703125 0.3953125 0.053125 0.0703125
5 0.5078125 0.3328125 0.0625 0.0484375
5 0.51328125 0.2015625 0.040625 0.059375
5 0.41171875 0.34140625 0.0421875 0.040625
5 0.59453125 0.30546875 0.1015625 0.10625
5 0.3953125 0.48671875 0.134375 0.09375
5 0.57265625 0.5140625 0.1078125 0.0828125
5 0.55703125 0.20234375 0.034375 0.0546875
5 0.45234375 0.30390625 0.0390625 0.0546875
5 0.69140625 0.375 0.071875 0.11875
5 0.31484375 0.54453125 0.1140625 0.121875
5 0.65390625 0.37578125 0.0375 0.046875
5 0.5703125 0.703125 0.10625 0.109375