5 0.37265625 0.77265625 0.265625 0.2046875
5 0.35859375 0.3234375 0.1984375 0.090625
5 0.72734375 0.62734375 0.14375 0.2328125
5 0.5578125 0.728125 0.1265625 0.103125
5 0.3296875 0.53203125 0.1296875 0.1140625
5 0.60703125 0.4765625 0.1765625 0.1609375
5 0.45390625 0.6109375 0.096875 0.121875
5 0.45703125 0.28359375 0.065625 0.1078125
5 0.5046875 0.2578125 0.0921875 0.1046875
5 0.57890625 0.62265625 0.178125 0.1828125
5 0.403125 0.24765625 0.0765625 0.090625
5 0.27578125 0.41953125 0.1453125 0.11875
5 0.36328125 0.390625 0.071875 0.078125
5 0.4140625 0.23046875 0.0421875 0.046875
5 0.475 0.459375 0.075 0.0390625
5 0.5875 0.396875 0.146875 0.0828125
5 0.32265625 0.62734375 0.13125 0.096875
5 0.51875 0.50546875 0.078125 0.0984375
5 0.4171875 0.665625 0.0640625 0.0546875
5 0.484375 0.55625 0.0484375 0.05
5 0.653125 0.32421875 0.15 0.1359375
5 0.64375 0.284375 0.0625 0.0703125