5 0.5578125 0.7953125 0.265625 0.2046875
5 0.6796875 0.36328125 0.1984375 0.090625
5 0.2484375 0.56796875 0.14375 0.2328125
5 0.3890625 0.7078125 0.1265625 0.103125
5 0.65703125 0.571875 0.1296875 0.1140625
5 0.40234375 0.4515625 0.1765625 0.1609375
5 0.51796875 0.61875 0.096875 0.121875
5 0.59375 0.30078125 0.065625 0.1078125
5 0.55390625 0.2640625 0.0921875 0.1046875
5 0.39375 0.6 0.178125 0.1828125
5 0.6546875 0.278125 0.0765625 0.090625
5 0.73671875 0.4765625 0.1453125 0.11875
5 0.659375 0.4265625 0.071875 0.078125
5 0.6484375 0.259375 0.0421875 0.046875
5 0.534375 0.46640625 0.075 0.0390625
5 0.43984375 0.37890625 0.146875 0.0828125
5 0.640625 0.66640625 0.13125 0.096875
5 0.48046875 0.50078125 0.078125 0.0984375
5 0.53984375 0.68046875 0.0640625 0.0546875
5 0.5015625 0.55859375 0.0484375 0.05
5 0.39375 0.2921875 0.15 0.1359375
5 0.4125 0.25625 0.0625 0.0703125