5 0.40703125 0.7859375 0.2453125 0.17578125
5 0.33828125 0.3421875 0.1921875 0.0671875
5 0.74140625 0.5984375 0.11796875 0.21953125
5 0.58515625 0.71953125 0.11640625 0.08984375
5 0.33515625 0.55234375 0.11796875 0.10078125
5 0.603125 0.4640625 0.16015625 0.1421875
5 0.46796875 0.615625 0.084375 0.11171875
5 0.43125 0.290625 0.05390625 0.10234375
5 0.475 0.259375 0.08125 0.0953125
5 0.59296875 0.6125 0.159375 0.16484375
5 0.3734375 0.2609375 0.06640625 0.08359375
5 0.26796875 0.44765625 0.13359375 0.103125
5 0.35078125 0.4078125 0.06328125 0.07109375
5 0.38203125 0.24296875 0.0375 0.04296875
5 0.4703125 0.4625 0.07109375 0.03046875
5 0.57421875 0.38671875 0.13984375 0.065625
5 0.33984375 0.64765625 0.12265625 0.0828125
5 0.51953125 0.503125 0.0671875 0.090625
5 0.43828125 0.67421875 0.0578125 0.0484375
5 0.49140625 0.5578125 0.04375 0.04453125
5 0.63046875 0.30703125 0.13671875 0.1203125
5 0.61640625 0.26875 0.05546875 0.06328125