5 0.4984375 0.63046875 0.05 0.0296875
5 0.48671875 0.6828125 0.03125 0.034375
5 0.475 0.7078125 0.0375 0.0375
5 0.53828125 0.6921875 0.0296875 0.034375
5 0.48828125 0.73984375 0.034375 0.03125
5 0.66875 0.840625 0.0375 0.034375
5 0.6125 0.940625 0.040625 0.034375
5 0.63046875 0.85625 0.0328125 0.028125
5 0.5734375 0.86328125 0.0390625 0.0390625
5 0.4859375 0.83515625 0.034375 0.03125
5 0.49921875 0.8171875 0.0328125 0.03125
5 0.46171875 0.746875 0.03125 0.0265625
5 0.58203125 0.72890625 0.0296875 0.0234375
5 0.52734375 0.534375 0.0546875 0.046875
5 0.68359375 0.78671875 0.0375 0.03125
5 0.575 0.4140625 0.0359375 0.03125
5 0.5265625 0.65234375 0.0375 0.0359375
5 0.6109375 0.88515625 0.0328125 0.04375
5 0.5453125 0.73671875 0.021875 0.0296875
5 0.703125 0.9046875 0.0390625 0.05
5 0.3734375 0.48515625 0.040625 0.0421875
5 0.67109375 0.61875 0.040625 0.0296875
5 0.44296875 0.69296875 0.0515625 0.0515625
5 0.58359375 0.3484375 0.0390625 0.0359375
5 0.5828125 0.52734375 0.0515625 0.0453125
5 0.5984375 0.84140625 0.0421875 0.0296875
5 0.69296875 0.86640625 0.0375 0.0265625
5 0.48125 0.484375 0.0421875 0.0375
5 0.46640625 0.85 0.0359375 0.028125
5 0.553125 0.37578125 0.0328125 0.028125
5 0.63828125 0.365625 0.0375 0.0234375
5 0.678125 0.58046875 0.071875 0.0328125
5 0.45625 0.61640625 0.040625 0.0359375
5 0.6984375 0.809375 0.028125 0.025
5 0.70625 0.76015625 0.0328125 0.0328125
5 0.55078125 0.45625 0.0375 0.0328125
5 0.59140625 0.9703125 0.0484375 0.0296875
5 0.36953125 0.45390625 0.034375 0.0375
5 0.50546875 0.5171875 0.0484375 0.0359375
5 0.62265625 0.690625 0.03125 0.03125
5 0.57578125 0.496875 0.034375 0.0390625
5 0.56484375 0.76328125 0.034375 0.025
5 0.47734375 0.8984375 0.0390625 0.0359375
5 0.53515625 0.41328125 0.0359375 0.034375
5 0.45078125 0.38203125 0.0484375 0.0328125
5 0.57265625 0.81796875 0.0390625 0.034375
5 0.56484375 0.29765625 0.0375 0.0375
5 0.4796875 0.2765625 0.03125 0.0203125
5 0.52734375 0.60859375 0.04375 0.0359375
5 0.496875 0.49140625 0.046875 0.0359375
5 0.4890625 0.41328125 0.04375 0.0328125
5 0.665625 0.88671875 0.040625 0.0375
5 0.47265625 0.940625 0.0296875 0.0265625
5 0.43046875 0.3609375 0.034375 0.028125
5 0.4734375 0.534375 0.021875 0.0203125
5 0.45625 0.90546875 0.0296875 0.028125
5 0.7234375 0.77265625 0.0453125 0.0328125
5 0.45390625 0.859375 0.0390625 0.034375
5 0.66796875 0.9296875 0.04375 0.040625
5 0.640625 0.8859375 0.0375 0.0515625
5 0.57734375 0.6 0.0546875 0.0421875
5 0.5296875 0.28515625 0.0265625 0.0328125
5 0.41796875 0.8625 0.0328125 0.04375
5 0.515625 0.88671875 0.0328125 0.0359375
5 0.47265625 0.6421875 0.040625 0.0421875
5 0.440625 0.8046875 0.05 0.040625
5 0.5296875 0.81796875 0.04375 0.0296875
5 0.67421875 0.55234375 0.05 0.0484375
5 0.64609375 0.8265625 0.025 0.021875
5 0.53203125 0.9453125 0.0703125 0.05
5 0.4609375 0.45234375 0.05 0.059375
5 0.54375 0.4796875 0.0328125 0.028125
5 0.4828125 0.3125 0.034375 0.025
5 0.47734375 0.87421875 0.0421875 0.0265625
5 0.378125 0.59140625 0.0734375 0.0703125
5 0.65546875 0.85625 0.0390625 0.0453125