5 0.496875 0.63046875 0.05 0.03125
5 0.50703125 0.6828125 0.0328125 0.034375
5 0.51796875 0.70859375 0.0375 0.0390625
5 0.4546875 0.690625 0.0296875 0.0359375
5 0.503125 0.73984375 0.034375 0.03125
5 0.31953125 0.834375 0.0390625 0.0359375
5 0.37265625 0.93671875 0.0421875 0.0359375
5 0.3578125 0.8515625 0.0328125 0.028125
5 0.4140625 0.86015625 0.040625 0.0390625
5 0.50234375 0.8359375 0.034375 0.0328125
5 0.4890625 0.8171875 0.0328125 0.03125
5 0.5296875 0.7484375 0.0328125 0.0265625
5 0.41015625 0.72578125 0.0296875 0.025
5 0.471875 0.5328125 0.05625 0.0484375
5 0.30625 0.78046875 0.0390625 0.0328125
5 0.428125 0.4109375 0.0375 0.03125
5 0.46796875 0.6515625 0.0390625 0.0375
5 0.37578125 0.88125 0.034375 0.0453125
5 0.44609375 0.734375 0.0234375 0.03125
5 0.2828125 0.89765625 0.040625 0.0515625
5 0.62734375 0.48984375 0.0421875 0.04375
5 0.325 0.6125 0.040625 0.03125
5 0.55078125 0.69453125 0.0515625 0.0515625
5 0.421875 0.3453125 0.0390625 0.0375
5 0.41640625 0.52421875 0.0515625 0.046875
5 0.38984375 0.83828125 0.0421875 0.03125
5 0.29453125 0.859375 0.0375 0.0265625
5 0.51875 0.48515625 0.04375 0.0390625
5 0.52109375 0.85078125 0.0359375 0.0296875
5 0.45078125 0.37421875 0.034375 0.028125
5 0.36640625 0.3609375 0.0375 0.025
5 0.31875 0.57421875 0.071875 0.034375
5 0.53984375 0.61796875 0.040625 0.0359375
5 0.290625 0.80234375 0.028125 0.025
5 0.284375 0.753125 0.034375 0.0328125
5 0.45078125 0.4546875 0.0375 0.034375
5 0.3921875 0.96640625 0.0484375 0.03125
5 0.63203125 0.45859375 0.0359375 0.0390625
5 0.49375 0.5171875 0.05 0.0375
5 0.3703125 0.6859375 0.03125 0.03125
5 0.42421875 0.49375 0.034375 0.0390625
5 0.42578125 0.7609375 0.0359375 0.025
5 0.50859375 0.89921875 0.0390625 0.0375
5 0.46796875 0.4125 0.0375 0.0359375
5 0.553125 0.38359375 0.0484375 0.034375
5 0.41640625 0.81484375 0.0390625 0.0359375
5 0.4421875 0.2953125 0.0375 0.0390625
5 0.528125 0.27734375 0.03125 0.021875
5 0.46953125 0.6078125 0.04375 0.0375
5 0.50390625 0.49140625 0.0484375 0.0375
5 0.5140625 0.41328125 0.0453125 0.034375
5 0.32109375 0.88046875 0.040625 0.0375
5 0.51171875 0.940625 0.03125 0.0265625
5 0.57421875 0.36328125 0.0359375 0.028125
5 0.525 0.53515625 0.0234375 0.0203125
5 0.5296875 0.90703125 0.0296875 0.028125
5 0.2671875 0.76484375 0.0453125 0.0328125
5 0.5328125 0.8609375 0.040625 0.034375
5 0.3171875 0.9234375 0.04375 0.0421875
5 0.34609375 0.88125 0.0390625 0.0515625
5 0.41953125 0.59765625 0.0546875 0.04375
5 0.478125 0.284375 0.0265625 0.034375
5 0.56953125 0.86484375 0.034375 0.04375
5 0.4703125 0.8859375 0.034375 0.0359375
5 0.521875 0.64296875 0.040625 0.04375
5 0.54921875 0.80703125 0.0515625 0.0421875
5 0.45859375 0.81640625 0.04375 0.0296875
5 0.32421875 0.54609375 0.05 0.0484375
5 0.3421875 0.82109375 0.0265625 0.021875
5 0.45234375 0.94375 0.071875 0.053125
5 0.540625 0.45390625 0.05 0.0609375
5 0.45703125 0.478125 0.0328125 0.0296875
5 0.52421875 0.31328125 0.034375 0.0265625
5 0.509375 0.87421875 0.0421875 0.028125
5 0.61875 0.5953125 0.075 0.071875
5 0.33203125 0.85 0.040625 0.046875