5 0.47109375 0.62734375 0.046875 0.0203125
5 0.44921875 0.67578125 0.02578125 0.0296875
5 0.43203125 0.69765625 0.03125 0.03203125
5 0.49765625 0.69609375 0.0234375 0.03046875
5 0.4390625 0.73203125 0.02890625 0.02578125
5 0.59453125 0.86796875 0.0328125 0.02890625
5 0.51796875 0.9546875 0.0359375 0.028125
5 0.553125 0.87578125 0.02890625 0.021875
5 0.49609375 0.8703125 0.03359375 0.03203125
5 0.41640625 0.825 0.02890625 0.0265625
5 0.43359375 0.81015625 0.028125 0.02578125
5 0.4109375 0.73359375 0.028125 0.02109375
5 0.5328125 0.740625 0.02578125 0.01875
5 0.51953125 0.5390625 0.04765625 0.03828125
5 0.6203125 0.81875 0.03359375 0.025
5 0.59140625 0.43125 0.03203125 0.025
5 0.49453125 0.6546875 0.03203125 0.03046875
5 0.528125 0.9 0.02578125 0.03984375
5 0.4953125 0.740625 0.0171875 0.02734375
5 0.61484375 0.93828125 0.03046875 0.0453125
5 0.37890625 0.459375 0.03359375 0.03671875
5 0.64296875 0.6515625 0.0359375 0.02265625
5 0.40390625 0.6765625 0.04296875 0.04296875
5 0.61328125 0.36875 0.0328125 0.03046875
5 0.575 0.54375 0.04453125 0.03671875
5 0.525 0.8546875 0.03828125 0.021875
5 0.6125 0.8984375 0.03359375 0.01953125
5 0.48515625 0.48125 0.03671875 0.03046875
5 0.39453125 0.83515625 0.03203125 0.02265625
5 0.578125 0.38984375 0.0296875 0.021875
5 0.66328125 0.39765625 0.03515625 0.01640625
5 0.6578125 0.615625 0.06953125 0.01796875
5 0.4328125 0.6046875 0.03515625 0.02890625
5 0.6296875 0.84375 0.02421875 0.0203125
5 0.64765625 0.79765625 0.028125 0.02734375
5 0.55859375 0.46796875 0.0328125 0.0265625
5 0.49140625 0.97890625 0.04453125 0.02109375
5 0.38203125 0.428125 0.028125 0.0328125
5 0.5015625 0.51796875 0.04375 0.028125
5 0.58046875 0.71171875 0.02578125 0.02578125
5 0.575 0.5125 0.02734375 0.03359375
5 0.50859375 0.77109375 0.03203125 0.01796875
5 0.3953125 0.88515625 0.03359375 0.0296875
5 0.55234375 0.42265625 0.03125 0.02890625
5 0.4765625 0.37421875 0.04453125 0.02421875
5 0.5046875 0.82578125 0.03359375 0.028125
5 0.60546875 0.315625 0.03125 0.03203125
5 0.5265625 0.27734375 0.028125 0.01484375
5 0.50390625 0.61171875 0.03828125 0.02890625
5 0.4984375 0.490625 0.0421875 0.028125
5 0.50703125 0.4125 0.03984375 0.025
5 0.58125 0.9125 0.034375 0.03046875
5 0.38203125 0.925 0.0265625 0.02109375
5 0.4609375 0.34921875 0.03125 0.021875
5 0.4671875 0.528125 0.01953125 0.01640625
5 0.37265625 0.8875 0.025 0.02265625
5 0.66171875 0.81328125 0.04140625 0.02421875
5 0.38046875 0.8421875 0.034375 0.02734375
5 0.575 0.95546875 0.03671875 0.034375
5 0.55703125 0.90703125 0.028125 0.04609375
5 0.5546875 0.6140625 0.0484375 0.03359375
5 0.5734375 0.29609375 0.0203125 0.0296875
5 0.34453125 0.8375 0.025 0.0390625
5 0.43515625 0.88125 0.02734375 0.03046875
5 0.44375 0.63359375 0.03359375 0.0359375
5 0.378125 0.7859375 0.04453125 0.0328125
5 0.46328125 0.8171875 0.03984375 0.02109375
5 0.659375 0.5875 0.0421875 0.03984375
5 0.575 0.85 0.02265625 0.0171875
5 0.4390625 0.9421875 0.0640625 0.03828125
5 0.471875 0.4453125 0.0390625 0.053125
5 0.546875 0.4890625 0.028125 0.0234375
5 0.521875 0.31328125 0.03046875 0.01953125
5 0.4 0.8609375 0.03828125 0.01953125
5 0.36171875 0.5640625 0.0625 0.0578125
5 0.578125 0.88046875 0.03203125 0.03984375