5 0.40859375 0.49609375 0.209375 0.2828125
4 0.61796875 0.51484375 0.0390625 0.05625
5 0.54453125 0.725 0.2703125 0.271875
4 0.27734375 0.5921875 0.0421875 0.0609375
4 0.33203125 0.521875 0.0453125 0.0625
4 0.59296875 0.409375 0.046875 0.0609375
5 0.434375 0.71484375 0.1140625 0.175
5 0.675 0.4203125 0.128125 0.1703125
4 0.4953125 0.41328125 0.040625 0.0578125
5 0.9296875 0.05234375 0.065625 0.1046875
5 0.796875 0.05078125 0.103125 0.1015625
5 0.36640625 0.40703125 0.0875 0.1125
5 0.85703125 0.13203125 0.0375 0.0421875
5 0.3375 0.63125 0.090625 0.1484375
4 0.66875 0.56796875 0.040625 0.0546875
5 0.7078125 0.65234375 0.053125 0.0234375
5 0.6296875 0.340625 0.065625 0.096875
4 0.2609375 0.54296875 0.0578125 0.078125
5 0.61796875 0.47265625 0.053125 0.0640625
5 0.3859375 0.33046875 0.096875 0.1171875
5 0.4828125 0.825 0.146875 0.1125
5 0.7578125 0.1203125 0.078125 0.0671875
5 0.33515625 0.740625 0.0828125 0.1421875
5 0.96171875 0.28125 0.053125 0.1546875
5 0.4296875 0.421875 0.078125 0.125
5 0.50234375 0.34296875 0.0390625 0.059375
5 0.4828125 0.29765625 0.05 0.090625
3 0.65 0.5171875 0.0421875 0.0578125
5 0.54140625 0.33203125 0.075 0.0875
4 0.72421875 0.584375 0.040625 0.046875
5 0.2640625 0.52734375 0.0203125 0.0171875
5 0.2765625 0.4859375 0.0203125 0.04375
5 0.609375 0.365625 0.034375 0.04375
5 0.659375 0.3046875 0.028125 0.034375
5 0.62890625 0.31796875 0.025 0.0296875