5 0.590625 0.48828125 0.1875 0.26875
4 0.38359375 0.525 0.034375 0.053125
5 0.475 0.728125 0.25 0.25
4 0.7296875 0.57265625 0.0375 0.0578125
4 0.66953125 0.50703125 0.040625 0.059375
4 0.39921875 0.41796875 0.040625 0.05625
5 0.584375 0.70859375 0.1 0.1671875
5 0.31875 0.4359375 0.1140625 0.1609375
4 0.496875 0.41328125 0.034375 0.05625
5 0.03046875 0.07265625 0.053125 0.1390625
5 0.16328125 0.0625 0.0921875 0.125
5 0.625 0.39609375 0.078125 0.10625
5 0.1125 0.16484375 0.034375 0.0390625
5 0.6734375 0.61640625 0.078125 0.1421875
4 0.3375 0.5828125 0.0359375 0.053125
5 0.30625 0.66953125 0.053125 0.01875
5 0.35703125 0.35234375 0.059375 0.0921875
4 0.7421875 0.521875 0.05 0.075
5 0.3796875 0.4828125 0.0484375 0.059375
5 0.59921875 0.32109375 0.0875 0.109375
5 0.5453125 0.82265625 0.1375 0.1
5 0.21015625 0.14453125 0.071875 0.0625
5 0.68515625 0.725 0.071875 0.1375
5 0.02109375 0.32265625 0.040625 0.153125
5 0.56328125 0.41640625 0.0671875 0.11875
5 0.48359375 0.34375 0.034375 0.05625
5 0.49921875 0.296875 0.0421875 0.0875
3 0.35234375 0.53046875 0.0375 0.0546875
5 0.44375 0.3359375 0.06875 0.08125
4 0.284375 0.60390625 0.0375 0.04375
5 0.7375 0.50703125 0.01875 0.015625
5 0.72109375 0.46640625 0.015625 0.04375
5 0.3796875 0.37578125 0.03125 0.040625
5 0.32421875 0.31953125 0.025 0.03125
5 0.35546875 0.3296875 0.021875 0.028125