5 0.409375 0.48828125 0.18671875 0.26796875
4 0.61640625 0.525 0.034375 0.053125
5 0.525 0.728125 0.25 0.25078125
4 0.2703125 0.57265625 0.0375 0.0578125
4 0.33046875 0.50703125 0.03984375 0.059375
4 0.60078125 0.41796875 0.04140625 0.05703125
5 0.415625 0.70859375 0.09921875 0.1671875
5 0.68125 0.4359375 0.1140625 0.1609375
4 0.503125 0.41328125 0.03515625 0.05546875
5 0.96953125 0.07265625 0.053125 0.1390625
5 0.83671875 0.0625 0.0921875 0.125
5 0.375 0.39609375 0.078125 0.10546875
5 0.8875 0.16484375 0.03359375 0.0390625
5 0.3265625 0.61640625 0.078125 0.1421875
4 0.6625 0.5828125 0.0359375 0.05234375
5 0.69375 0.66953125 0.05234375 0.01953125
5 0.64296875 0.35234375 0.05859375 0.0921875
4 0.2578125 0.521875 0.05078125 0.07421875
5 0.6203125 0.4828125 0.0484375 0.06015625
5 0.40078125 0.32109375 0.0875 0.11015625
5 0.4546875 0.82265625 0.13828125 0.10078125
5 0.78984375 0.14453125 0.07265625 0.06171875
5 0.31484375 0.725 0.07109375 0.13671875
5 0.97890625 0.32265625 0.040625 0.15234375
5 0.43671875 0.41640625 0.0671875 0.11953125
5 0.51640625 0.34375 0.034375 0.05625
5 0.50078125 0.296875 0.0421875 0.08671875
3 0.64765625 0.53046875 0.0375 0.0546875
5 0.55625 0.3359375 0.06796875 0.08203125
4 0.715625 0.60390625 0.0375 0.04453125
5 0.2625 0.50703125 0.01875 0.01484375
5 0.27890625 0.46640625 0.01640625 0.04296875
5 0.6203125 0.37578125 0.03125 0.040625
5 0.67578125 0.31953125 0.025 0.03203125
5 0.64453125 0.3296875 0.02265625 0.02734375