2 0.6109375 0.70859375 0.0328125 0.046875
2 0.48671875 0.7671875 0.0328125 0.0453125
2 0.36171875 0.55 0.025 0.0359375
2 0.45234375 0.68984375 0.040625 0.0484375
2 0.4734375 0.48359375 0.0359375 0.05625
2 0.56015625 0.821875 0.046875 0.05625
2 0.64453125 0.76640625 0.03125 0.0515625
2 0.628125 0.4703125 0.0359375 0.040625
2 0.45859375 0.6484375 0.03125 0.0453125
2 0.30703125 0.55703125 0.0359375 0.04375
2 0.4890625 0.3984375 0.0359375 0.053125
2 0.525 0.8203125 0.053125 0.0578125
2 0.6578125 0.7953125 0.034375 0.0390625
2 0.675 0.6203125 0.0390625 0.053125
2 0.76171875 0.58515625 0.0453125 0.0609375
2 0.590625 0.5328125 0.0328125 0.040625
2 0.49765625 0.8078125 0.05 0.05625
2 0.65078125 0.36875 0.040625 0.0515625
2 0.7546875 0.5453125 0.0359375 0.0484375
2 0.4890625 0.5171875 0.0421875 0.0609375
2 0.334375 0.603125 0.034375 0.04375
2 0.41640625 0.6234375 0.05 0.0640625
2 0.490625 0.64453125 0.0671875 0.08125
2 0.36796875 0.7140625 0.0515625 0.0671875
5 0.415625 0.5140625 0.0921875 0.15
2 0.31953125 0.453125 0.034375 0.0546875
2 0.73515625 0.4609375 0.0515625 0.0765625
5 0.53046875 0.684375 0.0671875 0.0859375
2 0.4390625 0.4609375 0.05625 0.071875