2 0.678125 0.6546875 0.0265625 0.04375
2 0.58359375 0.7546875 0.028125 0.0421875
2 0.3890625 0.596875 0.021875 0.034375
2 0.5234375 0.69375 0.034375 0.0453125
2 0.46953125 0.49375 0.028125 0.0546875
2 0.671875 0.77890625 0.040625 0.0515625
2 0.73046875 0.69765625 0.025 0.05
2 0.609375 0.4265625 0.03125 0.0375
2 0.51484375 0.653125 0.025 0.0421875
2 0.33984375 0.62265625 0.0296875 0.040625
2 0.45390625 0.409375 0.0296875 0.0515625
2 0.63828125 0.790625 0.046875 0.053125
2 0.753125 0.71953125 0.03125 0.0359375
2 0.70625 0.55 0.0328125 0.0515625
2 0.775 0.4859375 0.0375 0.05625
2 0.59609375 0.4984375 0.028125 0.0375
2 0.6078125 0.78828125 0.04375 0.0515625
2 0.59375 0.3234375 0.0328125 0.0484375
2 0.75390625 0.4515625 0.0296875 0.046875
2 0.49609375 0.5203125 0.034375 0.059375
2 0.38203125 0.65546875 0.0296875 0.0421875
2 0.465625 0.6453125 0.0421875 0.059375
2 0.54296875 0.63828125 0.0578125 0.075
2 0.45390625 0.746875 0.0421875 0.0640625
5 0.42578125 0.54296875 0.071875 0.1453125
2 0.31484375 0.52109375 0.028125 0.0515625
2 0.70546875 0.3796875 0.0421875 0.0734375
5 0.59453125 0.6609375 0.05625 0.08125
2 0.4296875 0.48515625 0.046875 0.0671875