2 0.6609375 0.67265625 0.021875 0.0421875
2 0.55625 0.76171875 0.0234375 0.040625
2 0.3796875 0.584375 0.01796875 0.03203125
2 0.503125 0.6953125 0.03046875 0.0421875
2 0.4703125 0.490625 0.0234375 0.05234375
2 0.64140625 0.7953125 0.03515625 0.0484375
2 0.70859375 0.7203125 0.01953125 0.0484375
2 0.61640625 0.43828125 0.02734375 0.03515625
2 0.4984375 0.65390625 0.02109375 0.040625
2 0.328125 0.60546875 0.0265625 0.0375
2 0.46328125 0.4046875 0.025 0.0484375
2 0.60703125 0.803125 0.04140625 0.04921875
2 0.72890625 0.74453125 0.02734375 0.03359375
2 0.7 0.57109375 0.02734375 0.0484375
2 0.775 0.51484375 0.03203125 0.05390625
2 0.59609375 0.50859375 0.02421875 0.0359375
2 0.57734375 0.79765625 0.03828125 0.04765625
2 0.61171875 0.334375 0.02890625 0.04609375
2 0.7578125 0.478125 0.025 0.04375
2 0.49375 0.51953125 0.028125 0.05625
2 0.36640625 0.6421875 0.02578125 0.0390625
2 0.45078125 0.640625 0.0359375 0.05625
2 0.528125 0.6421875 0.05 0.0703125
2 0.428125 0.740625 0.03671875 0.06015625
5 0.421875 0.53515625 0.0578125 0.13984375
2 0.31328125 0.5015625 0.02265625 0.05
2 0.7171875 0.4015625 0.03515625 0.0703125
5 0.57734375 0.6703125 0.04921875 0.0765625
2 0.43125 0.478125 0.040625 0.0640625