0 0.55078125 0.7421875 0.1671875 0.071875
0 0.38828125 0.47265625 0.1921875 0.1234375
0 0.3359375 0.553125 0.084375 0.084375
0 0.53359375 0.5296875 0.1078125 0.0984375
0 0.5171875 0.45546875 0.0859375 0.075
0 0.5875 0.68203125 0.1125 0.109375
0 0.4890625 0.7421875 0.09375 0.0859375
5 0.409375 0.4734375 0.05 0.0359375
2 0.69453125 0.1796875 0.3125 0.31875
0 0.5984375 0.5578125 0.0703125 0.0609375
0 0.62734375 0.64453125 0.084375 0.078125
5 0.5359375 0.58359375 0.0484375 0.065625
0 0.46796875 0.4890625 0.0765625 0.0515625
0 0.465625 0.5359375 0.0984375 0.075
5 0.72265625 0.6671875 0.0453125 0.0375
0 0.60234375 0.753125 0.146875 0.096875
0 0.39609375 0.58984375 0.18125 0.1609375
0 0.3015625 0.74140625 0.1625 0.1390625
0 0.45859375 0.67265625 0.13125 0.0875
0 0.2546875 0.57109375 0.1453125 0.1828125
0 0.5359375 0.6421875 0.0953125 0.0734375
0 0.48125 0.603125 0.1109375 0.096875
0 0.36953125 0.73828125 0.0859375 0.0625
0 0.71484375 0.6984375 0.0671875 0.0578125