0 0.475 0.74609375 0.16171875 0.05546875
0 0.60859375 0.4609375 0.18203125 0.10546875
0 0.66875 0.5359375 0.07734375 0.07734375
0 0.46953125 0.5328125 0.09921875 0.0890625
0 0.478125 0.4578125 0.07890625 0.06640625
0 0.43203125 0.68984375 0.10234375 0.1
0 0.5359375 0.73984375 0.0859375 0.07734375
5 0.5875 0.4640625 0.046875 0.03046875
2 0.27265625 0.2015625 0.28359375 0.29140625
0 0.4078125 0.56796875 0.065625 0.05390625
0 0.38828125 0.65703125 0.07734375 0.0703125
5 0.47265625 0.58671875 0.04296875 0.0609375
0 0.53046875 0.4859375 0.071875 0.04375
0 0.53828125 0.53203125 0.09140625 0.065625
5 0.29609375 0.68984375 0.04140625 0.03359375
0 0.425 0.7625 0.1390625 0.08203125
0 0.6125 0.578125 0.16640625 0.14453125
0 0.72265625 0.71953125 0.15078125 0.12421875
0 0.559375 0.6671875 0.12421875 0.07421875
0 0.7515625 0.5453125 0.128125 0.17109375
0 0.47890625 0.6453125 0.0890625 0.06484375
0 0.5296875 0.60078125 0.10234375 0.08671875
0 0.6546875 0.7234375 0.08046875 0.05390625
0 0.30703125 0.71953125 0.0625 0.0515625