0 0.5546875 0.74140625 0.1671875 0.075
0 0.3875 0.47421875 0.19375 0.1265625
0 0.33671875 0.55625 0.0859375 0.0859375
0 0.534375 0.52890625 0.109375 0.1
0 0.51640625 0.45546875 0.0859375 0.075
0 0.590625 0.68046875 0.1140625 0.1125
0 0.49375 0.7421875 0.0953125 0.0875
5 0.40859375 0.475 0.05 0.0359375
2 0.6890625 0.17578125 0.3171875 0.3234375
0 0.6 0.55625 0.071875 0.0609375
0 0.6296875 0.6421875 0.0859375 0.0796875
5 0.5375 0.5828125 0.05 0.065625
0 0.46796875 0.48984375 0.0765625 0.0515625
0 0.465625 0.53671875 0.0984375 0.0765625
5 0.72578125 0.66328125 0.0453125 0.0390625
0 0.60625 0.7515625 0.1484375 0.0984375
0 0.39765625 0.59140625 0.1828125 0.1640625
0 0.30546875 0.7453125 0.1640625 0.1421875
0 0.46171875 0.6734375 0.1328125 0.0890625
0 0.25546875 0.57578125 0.1484375 0.1859375
0 0.53828125 0.64140625 0.096875 0.075
0 0.4828125 0.60390625 0.1125 0.0984375
0 0.3734375 0.740625 0.0859375 0.0640625
0 0.71796875 0.69453125 0.06875 0.059375