4 0.5765625 0.6234375 0.1078125 0.05
4 0.69921875 0.58046875 0.0921875 0.0765625
4 0.3640625 0.62109375 0.0921875 0.06875
4 0.3265625 0.48359375 0.078125 0.0734375
4 0.48984375 0.475 0.1171875 0.0796875
4 0.74453125 0.38828125 0.0734375 0.065625
4 0.53359375 0.578125 0.0828125 0.071875
4 0.33984375 0.365625 0.0734375 0.0703125
4 0.48515625 0.63984375 0.06875 0.040625
4 0.40546875 0.484375 0.090625 0.0765625
5 0.7453125 0.53828125 0.040625 0.046875
5 0.353125 0.5515625 0.0515625 0.0453125
4 0.471875 0.303125 0.0765625 0.04375
4 0.24375 0.5234375 0.096875 0.09375
4 0.48125 0.55 0.0640625 0.0625