4 0.4015625 0.60703125 0.1140625 0.06875
4 0.2890625 0.540625 0.1046875 0.0921875
4 0.6109375 0.64453125 0.103125 0.084375
4 0.6734375 0.5171875 0.090625 0.0859375
4 0.5140625 0.47734375 0.1296875 0.1
4 0.28203125 0.34375 0.084375 0.078125
4 0.45234375 0.5703125 0.09375 0.0859375
4 0.6828125 0.3984375 0.084375 0.0828125
4 0.4875 0.640625 0.075 0.053125
4 0.59609375 0.503125 0.103125 0.0921875
5 0.25234375 0.490625 0.0484375 0.053125
5 0.634375 0.57890625 0.059375 0.0546875
4 0.565625 0.31171875 0.0828125 0.05625
4 0.746875 0.571875 0.1109375 0.109375
4 0.50859375 0.553125 0.0734375 0.0734375