4 0.57421875 0.625 0.10625 0.0484375
4 0.69765625 0.58359375 0.090625 0.07421875
4 0.36171875 0.61875 0.09140625 0.06640625
4 0.3265625 0.48046875 0.07734375 0.071875
4 0.490625 0.475 0.115625 0.07734375
4 0.74609375 0.3921875 0.071875 0.06484375
4 0.53203125 0.57890625 0.08125 0.0703125
4 0.3421875 0.3625 0.071875 0.06953125
4 0.4828125 0.63984375 0.06796875 0.03984375
4 0.40546875 0.4828125 0.08984375 0.07578125
5 0.74453125 0.5421875 0.03984375 0.04609375
5 0.35234375 0.54921875 0.05078125 0.04453125
4 0.475 0.30234375 0.07578125 0.0421875
4 0.24375 0.51875 0.09453125 0.09140625
4 0.48046875 0.55 0.0625 0.06171875