5 0.5796875 0.63984375 0.059375 0.071875
5 0.4234375 0.615625 0.0484375 0.0796875
5 0.609375 0.43203125 0.06875 0.0625
5 0.3734375 0.62734375 0.05625 0.0703125
5 0.66640625 0.53203125 0.0609375 0.08125
5 0.53359375 0.24296875 0.05625 0.040625
5 0.55 0.42109375 0.0515625 0.0828125
5 0.41640625 0.2171875 0.06875 0.059375
5 0.69375 0.45390625 0.040625 0.059375
5 0.48984375 0.2625 0.05625 0.078125
5 0.65390625 0.4515625 0.0578125 0.0640625
5 0.47734375 0.3328125 0.059375 0.075
5 0.45625 0.215625 0.046875 0.05625
5 0.66796875 0.36953125 0.046875 0.06875
5 0.52109375 0.72109375 0.04375 0.0640625
5 0.33046875 0.43671875 0.05 0.078125
5 0.3109375 0.5625 0.059375 0.0734375
5 0.38984375 0.31953125 0.053125 0.046875
5 0.45625 0.4828125 0.059375 0.06875
5 0.38046875 0.7125 0.0515625 0.05625
5 0.49296875 0.56015625 0.040625 0.0734375
5 0.28828125 0.41796875 0.05 0.040625
5 0.54453125 0.55625 0.05625 0.040625
5 0.2921875 0.48984375 0.0453125 0.078125
5 0.2671875 0.53046875 0.05625 0.0546875
5 0.24765625 0.38125 0.0375 0.0609375
5 0.553125 0.51484375 0.0625 0.0625
5 0.4203125 0.37578125 0.0625 0.0734375
5 0.47734375 0.7265625 0.0453125 0.071875
5 0.40078125 0.559375 0.0375 0.053125
5 0.3875 0.43125 0.084375 0.071875
5 0.64375 0.6140625 0.06875 0.0765625
5 0.525 0.334375 0.040625 0.0671875
5 0.43125 0.7125 0.046875 0.046875
5 0.578125 0.32421875 0.03125 0.065625
5 0.2515625 0.4390625 0.05 0.0890625
5 0.6125 0.578125 0.071875 0.065625
5 0.4640625 0.5359375 0.0375 0.05
5 0.52578125 0.6484375 0.05625 0.04375
5 0.59140625 0.5328125 0.028125 0.053125
5 0.31953125 0.315625 0.03125 0.04375
5 0.478125 0.6578125 0.0375 0.0359375
5 0.284375 0.30859375 0.0375 0.0375
5 0.40703125 0.33828125 0.05625 0.04375
5 0.2609375 0.5859375 0.0375 0.040625