5 0.5515625 0.65234375 0.071875 0.0828125
5 0.403125 0.59921875 0.0625 0.0875
5 0.6203125 0.45390625 0.0796875 0.075
5 0.3515625 0.60078125 0.06875 0.0796875
5 0.65703125 0.56328125 0.075 0.090625
5 0.58203125 0.25390625 0.0625 0.0515625
5 0.5640625 0.43203125 0.0671875 0.090625
5 0.471875 0.20625 0.0796875 0.0703125
5 0.69921875 0.49140625 0.0515625 0.0671875
5 0.53515625 0.26484375 0.0703125 0.0890625
5 0.66015625 0.48203125 0.06875 0.0734375
5 0.509375 0.33125 0.071875 0.084375
5 0.5109375 0.2125 0.05625 0.0640625
5 0.68984375 0.40390625 0.059375 0.078125
5 0.47890625 0.72109375 0.05625 0.071875
5 0.3453125 0.40546875 0.065625 0.0875
5 0.30234375 0.525 0.0734375 0.0828125
5 0.4265625 0.3015625 0.0625 0.05625
5 0.46015625 0.475 0.071875 0.0796875
5 0.3421875 0.6859375 0.0609375 0.065625
5 0.48125 0.5578125 0.053125 0.0796875
5 0.3078125 0.37890625 0.05625 0.05
5 0.5328125 0.5640625 0.0625 0.0515625
5 0.29765625 0.45 0.059375 0.084375
5 0.265625 0.48515625 0.065625 0.0640625
5 0.275 0.33515625 0.0484375 0.0671875
5 0.54921875 0.525 0.071875 0.071875
5 0.4453125 0.3625 0.0765625 0.084375
5 0.434375 0.71796875 0.0578125 0.0796875
5 0.39140625 0.5390625 0.0484375 0.059375
5 0.40234375 0.4109375 0.096875 0.0859375
5 0.61953125 0.6390625 0.0828125 0.0890625
5 0.55625 0.3421875 0.0515625 0.0734375
5 0.3921875 0.6953125 0.0546875 0.0546875
5 0.61015625 0.3421875 0.04375 0.071875
5 0.26796875 0.39296875 0.065625 0.096875
5 0.5953125 0.5984375 0.0828125 0.078125
5 0.4578125 0.528125 0.0453125 0.05625
5 0.496875 0.65078125 0.0625 0.0546875
5 0.58359375 0.55 0.0390625 0.05625
5 0.3578125 0.284375 0.0390625 0.0484375
5 0.4484375 0.65078125 0.04375 0.0421875
5 0.325 0.27109375 0.04375 0.04375
5 0.43984375 0.3234375 0.0640625 0.053125
5 0.24921875 0.5390625 0.0453125 0.0484375