5 0.4203125 0.63984375 0.059375 0.07265625
5 0.5765625 0.615625 0.0484375 0.0796875
5 0.390625 0.43203125 0.06875 0.0625
5 0.6265625 0.62734375 0.05625 0.0703125
5 0.33359375 0.53203125 0.0609375 0.08125
5 0.46640625 0.24296875 0.05546875 0.04140625
5 0.45 0.42109375 0.0515625 0.0828125
5 0.58359375 0.2171875 0.06953125 0.05859375
5 0.30625 0.45390625 0.040625 0.06015625
5 0.51015625 0.2625 0.05703125 0.07890625
5 0.34609375 0.4515625 0.0578125 0.0640625
5 0.52265625 0.3328125 0.05859375 0.07421875
5 0.54375 0.215625 0.04609375 0.05625
5 0.33203125 0.36953125 0.04765625 0.06953125
5 0.47890625 0.72109375 0.04453125 0.0640625
5 0.66953125 0.43671875 0.05078125 0.07890625
5 0.6890625 0.5625 0.06015625 0.0734375
5 0.61015625 0.31953125 0.05390625 0.046875
5 0.54375 0.4828125 0.059375 0.06953125
5 0.61953125 0.7125 0.0515625 0.05703125
5 0.50703125 0.56015625 0.040625 0.0734375
5 0.71171875 0.41796875 0.04921875 0.04140625
5 0.45546875 0.55625 0.05625 0.04140625
5 0.7078125 0.48984375 0.0453125 0.07734375
5 0.7328125 0.53046875 0.05546875 0.0546875
5 0.75234375 0.38125 0.0375 0.0609375
5 0.446875 0.51484375 0.06171875 0.06171875
5 0.5796875 0.37578125 0.06328125 0.0734375
5 0.52265625 0.7265625 0.0453125 0.07265625
5 0.59921875 0.559375 0.03828125 0.053125
5 0.6125 0.43125 0.08515625 0.07109375
5 0.35625 0.6140625 0.06953125 0.0765625
5 0.475 0.334375 0.03984375 0.0671875
5 0.56875 0.7125 0.046875 0.046875
5 0.421875 0.32421875 0.03203125 0.06640625
5 0.7484375 0.4390625 0.05 0.0890625
5 0.3875 0.578125 0.071875 0.065625
5 0.5359375 0.5359375 0.03671875 0.05
5 0.47421875 0.6484375 0.05546875 0.04453125
5 0.40859375 0.5328125 0.02890625 0.05234375
5 0.68046875 0.315625 0.03203125 0.04296875
5 0.521875 0.6578125 0.0375 0.0359375
5 0.715625 0.30859375 0.0375 0.0375
5 0.59296875 0.33828125 0.05625 0.04375
5 0.7390625 0.5859375 0.0375 0.04140625