0 0.4796875 0.5421875 0.0953125 0.0796875
0 0.34140625 0.49609375 0.0671875 0.09375
0 0.60078125 0.3796875 0.0609375 0.09375
0 0.3015625 0.678125 0.06875 0.1078125
0 0.4296875 0.7609375 0.065625 0.0765625
0 0.4265625 0.41015625 0.0796875 0.0921875
0 0.625 0.19921875 0.096875 0.0984375
0 0.44296875 0.29609375 0.0640625 0.0890625
0 0.6203125 0.4765625 0.05625 0.0671875
0 0.68984375 0.27578125 0.0484375 0.0609375
0 0.62109375 0.5328125 0.0625 0.0703125
0 0.5140625 0.32890625 0.075 0.0875
0 0.24765625 0.44375 0.08125 0.109375
0 0.51484375 0.64921875 0.040625 0.0546875
0 0.521875 0.40859375 0.065625 0.071875
0 0.52890625 0.49453125 0.0421875 0.046875
0 0.38046875 0.553125 0.0484375 0.05625
0 0.75078125 0.39140625 0.059375 0.09375
0 0.18203125 0.49140625 0.053125 0.0734375
0 0.37734375 0.67265625 0.0640625 0.0828125
0 0.43359375 0.64609375 0.046875 0.0625
0 0.640625 0.39140625 0.0421875 0.06875
0 0.5421875 0.26484375 0.096875 0.096875
0 0.22578125 0.57265625 0.0765625 0.1375
0 0.35859375 0.33359375 0.053125 0.0890625
0 0.36015625 0.40546875 0.05625 0.059375
0 0.34765625 0.6078125 0.0625 0.084375
0 0.28671875 0.59375 0.059375 0.0765625
0 0.25 0.54140625 0.0375 0.0609375
0 0.571875 0.2328125 0.06875 0.065625
0 0.5765625 0.45546875 0.0328125 0.0640625