0 0.50625 0.54609375 0.103125 0.090625
0 0.65234375 0.5453125 0.078125 0.1
0 0.44140625 0.35390625 0.071875 0.1
0 0.63359375 0.73046875 0.08125 0.1140625
0 0.48671875 0.7703125 0.075 0.0828125
0 0.59765625 0.4375 0.090625 0.1
0 0.47421875 0.17578125 0.1078125 0.1078125
0 0.61796875 0.3234375 0.0734375 0.0953125
0 0.39296875 0.440625 0.0640625 0.0734375
0 0.3890625 0.228125 0.0546875 0.065625
0 0.375 0.49375 0.0703125 0.0765625
0 0.5390625 0.3328125 0.084375 0.0953125
0 0.75703125 0.52421875 0.09375 0.1171875
0 0.4390625 0.6375 0.046875 0.059375
0 0.50703125 0.40625 0.0734375 0.078125
0 0.47421875 0.4859375 0.046875 0.0515625
0 0.596875 0.5875 0.0546875 0.0625
0 0.29453125 0.31953125 0.0703125 0.0984375
0 0.8046875 0.58984375 0.0609375 0.0796875
0 0.56328125 0.70234375 0.0734375 0.0890625
0 0.51796875 0.659375 0.053125 0.0671875
0 0.4 0.353125 0.05 0.071875
0 0.53203125 0.26328125 0.1078125 0.1078125
0 0.7390625 0.65390625 0.09375 0.14375
0 0.6859375 0.3859375 0.0640625 0.09375
0 0.6625 0.453125 0.0640625 0.065625
0 0.61171875 0.64921875 0.071875 0.090625
0 0.67421875 0.6546875 0.06875 0.0828125
0 0.725 0.6171875 0.0453125 0.0640625
0 0.5140625 0.2234375 0.075 0.0734375
0 0.440625 0.434375 0.040625 0.0671875