0 0.51640625 0.54375 0.0890625 0.07265625
0 0.65859375 0.51015625 0.059375 0.0890625
0 0.41015625 0.37109375 0.053125 0.08984375
0 0.68203125 0.69453125 0.06015625 0.103125
0 0.54765625 0.76640625 0.06015625 0.071875
0 0.58125 0.4171875 0.07265625 0.0859375
0 0.4015625 0.18984375 0.08984375 0.090625
0 0.575 0.3015625 0.05625 0.084375
0 0.38203125 0.46640625 0.0515625 0.06328125
0 0.33046875 0.26015625 0.04375 0.05703125
0 0.3765625 0.521875 0.05703125 0.06484375
0 0.50078125 0.328125 0.06796875 0.08203125
0 0.75625 0.465625 0.07265625 0.10390625
0 0.471875 0.64765625 0.0359375 0.05234375
0 0.4859375 0.40703125 0.059375 0.0671875
0 0.471875 0.4921875 0.03828125 0.04375
0 0.6140625 0.56328125 0.04453125 0.053125
0 0.259375 0.3703125 0.0515625 0.0890625
0 0.8171875 0.51875 0.046875 0.0703125
0 0.60703125 0.6828125 0.05703125 0.078125
0 0.553125 0.6515625 0.04140625 0.05859375
0 0.36953125 0.3796875 0.03671875 0.065625
0 0.478125 0.26171875 0.08984375 0.08984375
0 0.7671875 0.59609375 0.06484375 0.1328125
0 0.65546875 0.346875 0.04609375 0.0859375
0 0.64765625 0.41796875 0.05234375 0.05546875
0 0.6421875 0.6203125 0.05546875 0.0796875
0 0.7046875 0.61171875 0.05390625 0.07265625
0 0.7453125 0.56328125 0.0328125 0.05859375
0 0.4515625 0.22734375 0.06328125 0.0609375
0 0.42734375 0.44921875 0.028125 0.06171875