5 0.5046875 0.58359375 0.0796875 0.0640625
5 0.5078125 0.3515625 0.1015625 0.0578125
5 0.59609375 0.52421875 0.0609375 0.0828125
5 0.5796875 0.34375 0.0578125 0.075
5 0.49375 0.521875 0.0765625 0.05
5 0.66171875 0.40546875 0.0390625 0.0421875
5 0.49296875 0.44296875 0.05 0.0640625
5 0.6375 0.434375 0.04375 0.0625
5 0.453125 0.4375 0.090625 0.059375
5 0.52890625 0.4953125 0.040625 0.03125
5 0.54140625 0.54375 0.0578125 0.078125
5 0.57265625 0.43515625 0.1328125 0.0875
5 0.66953125 0.471875 0.1046875 0.09375