5 0.50546875 0.58359375 0.0734375 0.05546875
5 0.47421875 0.35390625 0.09609375 0.04609375
5 0.4078125 0.5359375 0.0515625 0.0765625
5 0.4015625 0.3546875 0.04921875 0.06953125
5 0.50859375 0.52109375 0.071875 0.04140625
5 0.328125 0.42578125 0.03515625 0.03828125
5 0.5 0.4421875 0.04375 0.05859375
5 0.35546875 0.4515625 0.0375 0.0578125
5 0.5390625 0.43203125 0.08515625 0.04921875
5 0.47109375 0.49921875 0.0375 0.02734375
5 0.4640625 0.5484375 0.05 0.07265625
5 0.4203125 0.44453125 0.125 0.07265625
5 0.328125 0.49296875 0.09609375 0.08203125