5 0.48984375 0.5828125 0.0765625 0.059375
5 0.53359375 0.35546875 0.0984375 0.0515625
5 0.58984375 0.540625 0.05625 0.0796875
5 0.60625 0.36015625 0.053125 0.071875
5 0.490625 0.5203125 0.0734375 0.0453125
5 0.67578125 0.43515625 0.0375 0.040625
5 0.503125 0.4421875 0.046875 0.0609375
5 0.646875 0.459375 0.040625 0.059375
5 0.46484375 0.43046875 0.0875 0.053125
5 0.52890625 0.50078125 0.0390625 0.0296875
5 0.53359375 0.55 0.053125 0.075
5 0.5828125 0.4484375 0.128125 0.0796875
5 0.671875 0.50234375 0.1 0.0875