1 0.2171875 0.5328125 0.2046875 0.2515625
1 0.4734375 0.36171875 0.1953125 0.21875
2 0.59921875 0.78203125 0.04375 0.05
2 0.634375 0.7328125 0.0390625 0.0359375
2 0.603125 0.8234375 0.0296875 0.0453125
2 0.8125 0.6296875 0.0265625 0.0359375
2 0.55546875 0.83828125 0.0453125 0.0390625
2 0.66640625 0.66640625 0.03125 0.04375
2 0.58046875 0.6421875 0.0234375 0.0359375
2 0.478125 0.74140625 0.0359375 0.0359375
2 0.52734375 0.73515625 0.0265625 0.0515625
2 0.33125 0.8234375 0.0359375 0.046875
2 0.43984375 0.86640625 0.046875 0.04375
2 0.53125 0.8515625 0.0421875 0.0390625
2 0.49921875 0.78203125 0.028125 0.0296875
2 0.6828125 0.765625 0.0171875 0.05
2 0.34296875 0.77734375 0.025 0.059375
2 0.5953125 0.54765625 0.0375 0.05625
2 0.79765625 0.646875 0.0375 0.0453125
2 0.50078125 0.871875 0.04375 0.0359375
2 0.696875 0.60703125 0.0203125 0.0265625
2 0.63359375 0.5390625 0.03125 0.0578125
2 0.3515625 0.82265625 0.0453125 0.0515625
2 0.74453125 0.69140625 0.021875 0.0515625
2 0.65078125 0.609375 0.0484375 0.0328125
2 0.5890625 0.68203125 0.03125 0.0875
2 0.90859375 0.68359375 0.028125 0.0671875
2 0.7421875 0.73125 0.025 0.034375
2 0.8265625 0.62109375 0.01875 0.04375
2 0.4015625 0.72109375 0.04375 0.028125
2 0.609375 0.85703125 0.0421875 0.0296875
2 0.75703125 0.66015625 0.03125 0.0421875
2 0.41953125 0.8765625 0.034375 0.028125
2 0.08125 0.5296875 0.0328125 0.040625
2 0.8890625 0.66953125 0.01875 0.040625
2 0.26796875 0.4484375 0.0265625 0.0296875
2 0.28828125 0.80390625 0.0328125 0.0296875
2 0.54453125 0.73515625 0.040625 0.0328125
2 0.55546875 0.77578125 0.0484375 0.0390625
2 0.46796875 0.828125 0.0421875 0.028125
2 0.10625 0.7078125 0.0296875 0.04375
2 0.42421875 0.5421875 0.025 0.0484375
2 0.25390625 0.4578125 0.01875 0.0359375
2 0.365625 0.440625 0.028125 0.0734375
2 0.178125 0.5953125 0.021875 0.046875
2 0.30625 0.4796875 0.028125 0.0515625
2 0.44609375 0.490625 0.0484375 0.0515625
2 0.6125 0.646875 0.05 0.0328125
2 0.084375 0.60546875 0.04375 0.0640625
2 0.93671875 0.6515625 0.0234375 0.0640625
2 0.94609375 0.67578125 0.025 0.0703125
2 0.146875 0.54453125 0.01875 0.059375
2 0.94921875 0.628125 0.046875 0.0671875
2 0.571875 0.86953125 0.0328125 0.0203125
2 0.4796875 0.34375 0.025 0.028125
2 0.46796875 0.659375 0.0390625 0.0234375
2 0.2359375 0.80234375 0.04375 0.0421875
2 0.384375 0.49765625 0.0390625 0.06875
2 0.8796875 0.5515625 0.01875 0.05625
2 0.428125 0.6203125 0.0390625 0.0328125
2 0.4890625 0.62578125 0.0359375 0.0625
2 0.73984375 0.78984375 0.034375 0.040625
2 0.42109375 0.7609375 0.053125 0.0453125
2 0.7625 0.403125 0.0390625 0.0265625
2 0.32578125 0.475 0.04375 0.0328125
1 0.81484375 0.4390625 0.05625 0.0953125
2 0.1328125 0.5875 0.0453125 0.103125
2 0.17109375 0.67890625 0.0375 0.05625
2 0.1375 0.72734375 0.0984375 0.11875
2 0.92421875 0.346875 0.0375 0.0546875
2 0.80390625 0.74296875 0.040625 0.04375
1 0.546875 0.66015625 0.046875 0.09375
2 0.3375 0.35234375 0.0390625 0.053125