1 0.78359375 0.4734375 0.228125 0.26875
1 0.49765625 0.35859375 0.215625 0.2359375
2 0.46171875 0.79609375 0.0484375 0.0546875
2 0.4171875 0.75625 0.0421875 0.0390625
2 0.46640625 0.8375 0.034375 0.0484375
2 0.22109375 0.6921875 0.0296875 0.0375
2 0.51640625 0.8421875 0.0484375 0.04375
2 0.371875 0.69765625 0.0359375 0.046875
2 0.45078125 0.65546875 0.0265625 0.0375
2 0.57109375 0.73125 0.0390625 0.0390625
2 0.521875 0.73515625 0.03125 0.053125
2 0.73203125 0.78125 0.040625 0.05
2 0.634375 0.8453125 0.05 0.0484375
2 0.54296875 0.85 0.0453125 0.0421875
2 0.559375 0.775 0.03125 0.0328125
2 0.3765625 0.79765625 0.021875 0.0515625
2 0.7109375 0.7390625 0.03125 0.0609375
2 0.41640625 0.56640625 0.04375 0.059375
2 0.2390625 0.70546875 0.0421875 0.0484375
2 0.5765625 0.86328125 0.046875 0.0390625
2 0.3296875 0.6453125 0.0234375 0.028125
2 0.37734375 0.56640625 0.0375 0.059375
2 0.71171875 0.78515625 0.05 0.0546875
2 0.30078125 0.73828125 0.0265625 0.053125
2 0.37578125 0.63828125 0.0515625 0.0375
2 0.45078125 0.696875 0.040625 0.0890625
2 0.13828125 0.76484375 0.034375 0.06875
2 0.3109375 0.7765625 0.028125 0.0359375
2 0.20625 0.68671875 0.0234375 0.0453125
2 0.6421875 0.69609375 0.0453125 0.0328125
2 0.4671875 0.871875 0.04375 0.034375
2 0.28203125 0.71015625 0.034375 0.0453125
2 0.65703125 0.8515625 0.0375 0.03125
2 0.915625 0.4421875 0.0375 0.0421875
2 0.1546875 0.746875 0.0234375 0.040625
2 0.71640625 0.4015625 0.0296875 0.0328125
2 0.7703125 0.753125 0.0359375 0.0328125
2 0.50546875 0.73984375 0.04375 0.0359375
2 0.503125 0.78125 0.0515625 0.0421875
2 0.59921875 0.8140625 0.0453125 0.0328125
2 0.928125 0.62109375 0.034375 0.0453125
2 0.5828125 0.52578125 0.0296875 0.05
2 0.73203125 0.4078125 0.021875 0.0375
2 0.61953125 0.4140625 0.0359375 0.075
2 0.834375 0.52578125 0.025 0.0484375
2 0.68515625 0.43984375 0.0328125 0.053125
2 0.55078125 0.4796875 0.053125 0.05625
2 0.4203125 0.6671875 0.053125 0.0375
2 0.928125 0.5171875 0.0484375 0.0671875
2 0.1046875 0.7390625 0.0296875 0.0640625
2 0.10078125 0.76484375 0.03125 0.071875
2 0.8546875 0.4703125 0.025 0.0609375
2 0.08671875 0.71875 0.053125 0.0703125
2 0.50625 0.8765625 0.034375 0.0234375
2 0.4875 0.34296875 0.0265625 0.0296875
2 0.56484375 0.64921875 0.040625 0.0265625
2 0.82109375 0.740625 0.0484375 0.0453125
2 0.6125 0.4734375 0.0453125 0.071875
2 0.1390625 0.62890625 0.0234375 0.0578125
2 0.5953125 0.603125 0.0421875 0.0359375
2 0.53671875 0.62109375 0.040625 0.065625
2 0.32578125 0.83359375 0.0375 0.0421875
2 0.63125 0.7390625 0.05625 0.05
2 0.2234375 0.46015625 0.040625 0.0296875
2 0.66484375 0.4390625 0.046875 0.0375
1 0.17890625 0.50546875 0.0640625 0.0984375
2 0.87734375 0.509375 0.0546875 0.10625
2 0.85859375 0.60703125 0.0421875 0.059375
2 0.90234375 0.646875 0.109375 0.1265625
2 0.05390625 0.43828125 0.04375 0.0578125
2 0.253125 0.80078125 0.0453125 0.046875
1 0.4875 0.66640625 0.0546875 0.096875
2 0.628125 0.32109375 0.04375 0.05625