1 0.215625 0.51796875 0.19296875 0.2421875
1 0.48046875 0.36015625 0.184375 0.209375
2 0.584375 0.78671875 0.04140625 0.0484375
2 0.621875 0.73984375 0.03671875 0.03359375
2 0.5859375 0.828125 0.02734375 0.04453125
2 0.80546875 0.64609375 0.02421875 0.034375
2 0.5375 0.840625 0.04375 0.0375
2 0.6578125 0.675 0.02890625 0.04296875
2 0.57265625 0.64609375 0.02109375 0.03515625
2 0.465625 0.73984375 0.03359375 0.034375
2 0.51484375 0.7359375 0.0234375 0.05078125
2 0.31484375 0.8140625 0.034375 0.04453125
2 0.42109375 0.8625 0.04453125 0.0421875
2 0.5125 0.85234375 0.040625 0.03671875
2 0.484375 0.78125 0.02734375 0.028125
2 0.66875 0.775 0.01484375 0.05
2 0.32890625 0.76875 0.02265625 0.05859375
2 0.59296875 0.55234375 0.03515625 0.0546875
2 0.78984375 0.6625 0.03515625 0.04375
2 0.48125 0.87109375 0.0421875 0.03359375
2 0.690625 0.6171875 0.01953125 0.02578125
2 0.63125 0.54609375 0.02890625 0.05625
2 0.33515625 0.81484375 0.04296875 0.04921875
2 0.734375 0.70390625 0.01953125 0.05
2 0.64453125 0.6171875 0.04765625 0.03046875
2 0.5796875 0.68671875 0.02734375 0.0859375
2 0.8984375 0.7046875 0.02421875 0.06640625
2 0.7296875 0.74375 0.0234375 0.0328125
2 0.81953125 0.63828125 0.01640625 0.04296875
2 0.38984375 0.715625 0.0421875 0.0265625
2 0.590625 0.8625 0.040625 0.028125
2 0.7484375 0.6734375 0.02890625 0.04140625
2 0.4 0.871875 0.03359375 0.0265625
2 0.08046875 0.5078125 0.03125 0.03828125
2 0.8796875 0.68984375 0.0171875 0.0390625
2 0.27109375 0.43671875 0.025 0.02890625
2 0.27265625 0.7921875 0.03125 0.028125
2 0.53203125 0.7375 0.03984375 0.03046875
2 0.540625 0.778125 0.04609375 0.0359375
2 0.45078125 0.82578125 0.04140625 0.0265625
2 0.09609375 0.68671875 0.028125 0.0421875
2 0.421875 0.53828125 0.021875 0.046875
2 0.25625 0.4453125 0.01640625 0.03515625
2 0.36875 0.43359375 0.02421875 0.071875
2 0.1734375 0.578125 0.01875 0.04609375
2 0.3078125 0.46953125 0.025 0.05
2 0.446875 0.4875 0.04609375 0.04921875
2 0.6046875 0.65234375 0.04921875 0.0296875
2 0.0796875 0.58359375 0.03984375 0.06171875
2 0.928125 0.67421875 0.01953125 0.0625
2 0.9359375 0.69921875 0.02109375 0.06875
2 0.1453125 0.52578125 0.015625 0.059375
2 0.9421875 0.6515625 0.04375 0.06484375
2 0.55234375 0.87265625 0.03125 0.01875
2 0.4875 0.34296875 0.0234375 0.0265625
2 0.459375 0.6578125 0.03828125 0.02109375
2 0.2203125 0.78828125 0.0421875 0.03984375
2 0.384375 0.49140625 0.03515625 0.0671875
2 0.8765625 0.57109375 0.015625 0.05546875
2 0.421875 0.61640625 0.03828125 0.03046875
2 0.4828125 0.625 0.03203125 0.0609375
2 0.72421875 0.80234375 0.03203125 0.03828125
2 0.4078125 0.75625 0.05078125 0.0421875
2 0.7671875 0.4171875 0.0375 0.02421875
2 0.32734375 0.465625 0.04296875 0.03046875
1 0.81796875 0.45546875 0.05078125 0.0921875
2 0.12890625 0.56796875 0.03984375 0.10078125
2 0.1625 0.66171875 0.034375 0.05390625
2 0.12578125 0.7078125 0.09296875 0.1140625
2 0.93125 0.36953125 0.03515625 0.053125
2 0.790625 0.75859375 0.0390625 0.04140625
1 0.53828125 0.6625 0.04140625 0.09140625
2 0.3453125 0.34375 0.03671875 0.05078125