5 0.3953125 0.45703125 0.115625 0.1453125
5 0.46171875 0.33671875 0.0984375 0.165625
4 0.45390625 0.66875 0.034375 0.04375
4 0.39453125 0.68984375 0.046875 0.0640625
4 0.48515625 0.52734375 0.0421875 0.0625
4 0.4921875 0.47109375 0.04375 0.05625
4 0.43984375 0.5625 0.0484375 0.0625
4 0.48046875 0.75390625 0.046875 0.0546875
4 0.5640625 0.63515625 0.040625 0.0453125
4 0.28828125 0.49765625 0.040625 0.059375
4 0.346875 0.5484375 0.0453125 0.0515625
4 0.365625 0.72578125 0.0453125 0.0609375
4 0.2625 0.4328125 0.0359375 0.0515625
4 0.5890625 0.66796875 0.046875 0.0609375
4 0.36640625 0.3328125 0.04375 0.053125
4 0.58046875 0.296875 0.0390625 0.0453125
4 0.53984375 0.48828125 0.0421875 0.0609375
4 0.30546875 0.61796875 0.053125 0.071875
4 0.40546875 0.3609375 0.0421875 0.0578125
4 0.403125 0.60703125 0.0421875 0.0625
4 0.6578125 0.7296875 0.0515625 0.0578125
4 0.48046875 0.70546875 0.0421875 0.0484375
4 0.46171875 0.23046875 0.0328125 0.0375
4 0.4234375 0.24453125 0.04375 0.053125
4 0.52421875 0.52734375 0.04375 0.04375
4 0.5203125 0.62265625 0.04375 0.053125
4 0.353125 0.28359375 0.0390625 0.046875
4 0.446875 0.6140625 0.0421875 0.05
4 0.34140625 0.60234375 0.0359375 0.05
4 0.36875 0.48671875 0.0375 0.0609375
4 0.61875 0.39375 0.0375 0.046875
4 0.61796875 0.4640625 0.046875 0.059375
4 0.60078125 0.4171875 0.0359375 0.0453125
4 0.61640625 0.6140625 0.0375 0.053125
4 0.31171875 0.45859375 0.0359375 0.0515625
4 0.53203125 0.56640625 0.04375 0.05
4 0.5890625 0.3625 0.034375 0.0453125
4 0.54609375 0.25546875 0.0359375 0.0421875
4 0.475 0.603125 0.04375 0.0578125
4 0.54765625 0.31640625 0.0375 0.0453125
4 0.34921875 0.2296875 0.0578125 0.0703125
4 0.440625 0.33125 0.0375 0.04375
4 0.44296875 0.41484375 0.0375 0.0421875
4 0.56328125 0.58984375 0.04375 0.0515625
4 0.5796875 0.446875 0.0421875 0.0546875
4 0.4796875 0.2984375 0.0328125 0.040625
4 0.3375 0.50234375 0.0390625 0.0515625
4 0.41328125 0.640625 0.0390625 0.046875
4 0.4953125 0.2140625 0.0421875 0.05
4 0.625 0.51484375 0.0484375 0.0484375
4 0.55625 0.3546875 0.046875 0.053125
4 0.471875 0.19296875 0.0375 0.0484375
4 0.30390625 0.5453125 0.0375 0.0546875
4 0.34765625 0.39765625 0.0421875 0.0578125
4 0.51953125 0.6578125 0.046875 0.059375
4 0.29921875 0.3890625 0.0359375 0.0484375
4 0.6578125 0.4375 0.034375 0.0484375
4 0.32890625 0.42265625 0.0359375 0.0515625
4 0.35 0.43984375 0.03125 0.0421875
4 0.42265625 0.29609375 0.034375 0.05
4 0.8828125 0.26328125 0.04375 0.053125
4 0.6265625 0.55859375 0.0421875 0.04375
4 0.48984375 0.63125 0.0375 0.040625