5 0.60546875 0.45859375 0.11875 0.146875
5 0.54140625 0.3375 0.1015625 0.1671875
4 0.54296875 0.66953125 0.0359375 0.04375
4 0.60234375 0.6921875 0.046875 0.065625
4 0.51484375 0.52734375 0.0421875 0.0640625
4 0.50859375 0.471875 0.0453125 0.0578125
4 0.559375 0.56328125 0.05 0.0625
4 0.51484375 0.75390625 0.0484375 0.0546875
4 0.43359375 0.63359375 0.040625 0.046875
4 0.71171875 0.5015625 0.0421875 0.0609375
4 0.65234375 0.5515625 0.046875 0.053125
4 0.63046875 0.728125 0.046875 0.0625
4 0.73828125 0.43671875 0.0359375 0.0515625
4 0.4078125 0.66640625 0.0484375 0.0625
4 0.63671875 0.33515625 0.0453125 0.0546875
4 0.4234375 0.29609375 0.040625 0.0453125
4 0.46015625 0.4875 0.04375 0.0609375
4 0.69296875 0.621875 0.0546875 0.071875
4 0.59765625 0.3625 0.0421875 0.0578125
4 0.5953125 0.60859375 0.04375 0.0625
4 0.33828125 0.7265625 0.0515625 0.059375
4 0.51640625 0.70546875 0.0421875 0.05
4 0.54296875 0.23125 0.034375 0.0375
4 0.58125 0.2453125 0.04375 0.053125
4 0.475 0.52734375 0.0453125 0.0453125
4 0.47734375 0.621875 0.0453125 0.053125
4 0.65078125 0.28671875 0.040625 0.046875
4 0.5515625 0.61484375 0.0421875 0.0515625
4 0.65703125 0.6046875 0.0375 0.05
4 0.63125 0.4890625 0.0390625 0.0609375
4 0.3828125 0.39140625 0.0375 0.046875
4 0.3828125 0.46171875 0.046875 0.059375
4 0.40078125 0.415625 0.0359375 0.0453125
4 0.38203125 0.6125 0.0390625 0.053125
4 0.6890625 0.46171875 0.0359375 0.0515625
4 0.4671875 0.565625 0.04375 0.0515625
4 0.41328125 0.3609375 0.034375 0.0453125
4 0.45859375 0.25546875 0.0375 0.0421875
4 0.5234375 0.603125 0.0453125 0.0578125
4 0.45546875 0.315625 0.0375 0.046875
4 0.65546875 0.23203125 0.059375 0.0703125
4 0.5625 0.33203125 0.0375 0.0453125
4 0.55859375 0.415625 0.0390625 0.0421875
4 0.43515625 0.58828125 0.0453125 0.053125
4 0.421875 0.4453125 0.04375 0.0546875
4 0.5234375 0.2984375 0.034375 0.040625
4 0.6625 0.50546875 0.040625 0.0515625
4 0.584375 0.6421875 0.0390625 0.0484375
4 0.51015625 0.2140625 0.0421875 0.0515625
4 0.375 0.5125 0.0484375 0.05
4 0.44609375 0.35390625 0.046875 0.0546875
4 0.5328125 0.19375 0.0390625 0.0484375
4 0.6953125 0.54921875 0.0390625 0.0546875
4 0.65390625 0.4 0.04375 0.059375
4 0.478125 0.6578125 0.0484375 0.0609375
4 0.70234375 0.39296875 0.0375 0.0484375
4 0.34296875 0.43515625 0.0359375 0.0484375
4 0.67265625 0.42578125 0.0359375 0.0515625
4 0.6515625 0.4421875 0.0328125 0.04375
4 0.58046875 0.29765625 0.0359375 0.05
4 0.121875 0.25625 0.0453125 0.0546875
4 0.37265625 0.55625 0.0421875 0.0453125
4 0.5078125 0.63125 0.0375 0.0421875