5 0.39765625 0.4515625 0.10859375 0.1390625
5 0.4703125 0.33515625 0.08984375 0.16171875
4 0.4453125 0.66640625 0.0328125 0.04140625
4 0.384375 0.684375 0.04296875 0.0625
4 0.48359375 0.5265625 0.03828125 0.0609375
4 0.49375 0.47109375 0.04140625 0.0546875
4 0.43671875 0.559375 0.0453125 0.06015625
4 0.4671875 0.75234375 0.04453125 0.05234375
4 0.55703125 0.63828125 0.03828125 0.04375
4 0.2890625 0.48671875 0.0375 0.0578125
4 0.34453125 0.540625 0.04296875 0.05
4 0.35390625 0.71875 0.0421875 0.059375
4 0.26640625 0.4203125 0.0328125 0.04921875
4 0.58046875 0.67265625 0.04375 0.059375
4 0.375 0.32578125 0.04140625 0.0515625
4 0.590625 0.3015625 0.0375 0.04296875
4 0.540625 0.490625 0.03984375 0.05859375
4 0.29921875 0.6078125 0.05 0.06875
4 0.4125 0.35625 0.0390625 0.05546875
4 0.39765625 0.6015625 0.0390625 0.06015625
4 0.6453125 0.7375 0.0484375 0.05546875
4 0.46953125 0.70390625 0.0390625 0.046875
4 0.47578125 0.22890625 0.03125 0.03515625
4 0.43671875 0.240625 0.040625 0.05078125
4 0.52265625 0.52890625 0.0421875 0.0421875
4 0.5140625 0.6234375 0.04140625 0.05078125
4 0.36484375 0.2765625 0.0375 0.04453125
4 0.440625 0.6109375 0.0390625 0.0484375
4 0.3359375 0.59375 0.03359375 0.0484375
4 0.36953125 0.4796875 0.03515625 0.05859375
4 0.62421875 0.4 0.03515625 0.04453125
4 0.61953125 0.4703125 0.04375 0.05703125
4 0.6046875 0.42265625 0.03359375 0.04375
4 0.61015625 0.6203125 0.03515625 0.0515625
4 0.3140625 0.4484375 0.0328125 0.04921875
4 0.528125 0.56796875 0.040625 0.0484375
4 0.59609375 0.3671875 0.03203125 0.04375
4 0.55859375 0.25859375 0.034375 0.03984375
4 0.46953125 0.6015625 0.04140625 0.05546875
4 0.55703125 0.31953125 0.03515625 0.04375
4 0.36328125 0.221875 0.0546875 0.0671875
4 0.44921875 0.328125 0.03515625 0.0421875
4 0.44765625 0.41171875 0.0359375 0.03984375
4 0.55859375 0.59296875 0.04140625 0.05
4 0.58203125 0.45078125 0.03984375 0.05234375
4 0.490625 0.29765625 0.03125 0.0390625
4 0.3375 0.49375 0.03671875 0.04921875
4 0.40625 0.6359375 0.03671875 0.0453125
4 0.51015625 0.2140625 0.0390625 0.0484375
4 0.62421875 0.52109375 0.0453125 0.046875
4 0.5640625 0.3578125 0.04375 0.0515625
4 0.48828125 0.1921875 0.03515625 0.046875
4 0.3015625 0.53515625 0.03515625 0.05234375
4 0.353125 0.38984375 0.03984375 0.05625
4 0.5109375 0.65859375 0.04453125 0.0578125
4 0.30546875 0.37890625 0.03359375 0.046875
4 0.6609375 0.44609375 0.03203125 0.046875
4 0.3328125 0.4140625 0.0328125 0.04921875
4 0.353125 0.43203125 0.0296875 0.04140625
4 0.43359375 0.2921875 0.03203125 0.04765625
4 0.89453125 0.28359375 0.04140625 0.0515625
4 0.6234375 0.56484375 0.03984375 0.0421875
4 0.4828125 0.63046875 0.03515625 0.0390625