4 0.52421875 0.4265625 0.090625 0.08203125
4 0.48828125 0.6796875 0.09765625 0.0921875
4 0.396875 0.7234375 0.096875 0.09296875
4 0.79375 0.58671875 0.11171875 0.1125
4 0.7828125 0.4921875 0.10078125 0.08671875
4 0.271875 0.66328125 0.08828125 0.09453125
4 0.56015625 0.74609375 0.09453125 0.0984375
4 0.65078125 0.61171875 0.1015625 0.11015625
4 0.7125 0.41875 0.0875 0.0875
4 0.85703125 0.4109375 0.0984375 0.0921875
4 0.171875 0.51484375 0.0828125 0.0890625
4 0.340625 0.26953125 0.0390625 0.04453125
4 0.41953125 0.44921875 0.0953125 0.0921875
4 0.57109375 0.3546875 0.10078125 0.08671875
4 0.61796875 0.42578125 0.09921875 0.09765625
4 0.29609375 0.5734375 0.09765625 0.096875
4 0.56796875 0.5625 0.0875 0.0734375
4 0.2703125 0.4171875 0.09375 0.08828125
4 0.3515625 0.646875 0.08125 0.11328125
4 0.2484375 0.278125 0.0703125 0.0734375
4 0.38828125 0.215625 0.07578125 0.084375
4 0.72890625 0.2796875 0.07734375 0.0703125
4 0.66484375 0.51171875 0.09296875 0.08984375
4 0.2890625 0.3359375 0.07421875 0.07890625
4 0.65390625 0.7078125 0.09765625 0.0984375
4 0.80390625 0.30234375 0.071875 0.09609375
4 0.61171875 0.16328125 0.05546875 0.059375
4 0.403125 0.56796875 0.08125 0.08359375
4 0.5765625 0.48984375 0.08203125 0.0796875
4 0.6625 0.26328125 0.059375 0.08515625
4 0.24140625 0.47890625 0.08359375 0.0953125
4 0.4984375 0.6046875 0.0828125 0.078125
4 0.76640625 0.3609375 0.0734375 0.08203125
4 0.22890625 0.59921875 0.065625 0.08671875
4 0.15859375 0.384375 0.06171875 0.0703125
4 0.39375 0.3546875 0.1046875 0.1078125
4 0.33203125 0.1703125 0.0734375 0.0640625
4 0.17734375 0.434375 0.0828125 0.06171875
4 0.60390625 0.24609375 0.07578125 0.08046875
4 0.7203125 0.23125 0.07890625 0.046875
4 0.49140625 0.1984375 0.09453125 0.084375
4 0.471875 0.271875 0.10859375 0.11328125
4 0.221875 0.3578125 0.0734375 0.09609375
4 0.703125 0.35703125 0.08984375 0.06640625
4 0.40390625 0.1296875 0.06484375 0.0578125
4 0.47109375 0.5234375 0.090625 0.07578125
4 0.7484375 0.66640625 0.09609375 0.09609375
4 0.56484375 0.184375 0.0515625 0.04921875
4 0.68671875 0.3125 0.0703125 0.046875
4 0.57578125 0.64140625 0.08046875 0.08203125
4 0.47265625 0.13984375 0.0640625 0.0421875
4 0.4265625 0.15703125 0.05078125 0.05078125
4 0.34375 0.49765625 0.1078125 0.0921875
4 0.4796875 0.7515625 0.075 0.06796875
4 0.62421875 0.20546875 0.0609375 0.04296875
4 0.33515625 0.39296875 0.06953125 0.05859375
4 0.42265625 0.65078125 0.07109375 0.0796875
4 0.5265625 0.1453125 0.053125 0.04453125
4 0.4484375 0.11328125 0.05390625 0.03515625
4 0.55703125 0.28125 0.0703125 0.07421875
4 0.1859375 0.3234375 0.0359375 0.06875
4 0.559375 0.1296875 0.059375 0.06171875
4 0.32890625 0.7125 0.05078125 0.05234375
4 0.83359375 0.4703125 0.0484375 0.04375