4 0.509375 0.4234375 0.1046875 0.0984375
4 0.52265625 0.67890625 0.1140625 0.109375
4 0.44140625 0.7390625 0.1125 0.109375
4 0.8046875 0.52890625 0.13125 0.13125
4 0.77578125 0.43828125 0.115625 0.1046875
4 0.30703125 0.70390625 0.1046875 0.109375
4 0.60625 0.73046875 0.1109375 0.1140625
4 0.66953125 0.58125 0.1203125 0.128125
4 0.69296875 0.3796875 0.103125 0.103125
4 0.83359375 0.34453125 0.1140625 0.109375
4 0.18046875 0.57734375 0.0984375 0.103125
4 0.29921875 0.30390625 0.046875 0.0515625
4 0.4109375 0.465625 0.1109375 0.109375
4 0.5421875 0.34375 0.115625 0.1046875
4 0.6015625 0.4046875 0.115625 0.1140625
4 0.3140625 0.6109375 0.1140625 0.1140625
4 0.57890625 0.5484375 0.1 0.0890625
4 0.25859375 0.4625 0.109375 0.1046875
4 0.38203125 0.67265625 0.1015625 0.1265625
4 0.2109375 0.33046875 0.0828125 0.0859375
4 0.3359375 0.2421875 0.090625 0.096875
4 0.6828125 0.23984375 0.0890625 0.084375
4 0.6640625 0.4796875 0.1078125 0.10625
4 0.26171875 0.37890625 0.0875 0.0921875
4 0.690625 0.675 0.1140625 0.115625
4 0.7609375 0.24765625 0.0890625 0.1078125
4 0.5453125 0.1484375 0.065625 0.06875
4 0.41796875 0.58515625 0.0953125 0.096875
4 0.5734375 0.47578125 0.0953125 0.09375
4 0.6140625 0.23671875 0.075 0.0953125
4 0.2421875 0.52890625 0.1 0.109375
4 0.51875 0.603125 0.096875 0.0921875
4 0.73515625 0.3125 0.0875 0.0953125
4 0.253125 0.64921875 0.08125 0.096875
4 0.14296875 0.4515625 0.0734375 0.08125
4 0.36796875 0.37734375 0.1234375 0.1265625
4 0.271875 0.20859375 0.084375 0.0765625
4 0.17109375 0.496875 0.09375 0.0765625
4 0.55390625 0.23125 0.0890625 0.09375
4 0.66484375 0.19453125 0.0859375 0.0609375
4 0.434375 0.20546875 0.109375 0.1015625
4 0.42890625 0.28125 0.128125 0.13125
4 0.2 0.41328125 0.090625 0.1078125
4 0.671875 0.32109375 0.1015625 0.0828125
4 0.33515625 0.1546875 0.075 0.06875
4 0.47578125 0.52890625 0.103125 0.0921875
4 0.77578125 0.615625 0.1125 0.1125
4 0.503125 0.178125 0.059375 0.0578125
4 0.64765625 0.28046875 0.078125 0.059375
4 0.6015625 0.62421875 0.0953125 0.0953125
4 0.4046875 0.1515625 0.0703125 0.053125
4 0.3625 0.17734375 0.059375 0.059375
4 0.34609375 0.52734375 0.1234375 0.1109375
4 0.528125 0.75078125 0.0859375 0.08125
4 0.565625 0.1875 0.06875 0.053125
4 0.31796875 0.4265625 0.0796875 0.0703125
4 0.453125 0.6625 0.084375 0.0921875
4 0.45859375 0.146875 0.0609375 0.053125
4 0.37578125 0.13046875 0.059375 0.0453125
4 0.5140625 0.27421875 0.0828125 0.0859375
4 0.1578125 0.38671875 0.0484375 0.075
4 0.4875 0.125 0.0703125 0.071875
4 0.37265625 0.74140625 0.059375 0.0609375
4 0.821875 0.40703125 0.05625 0.0515625