4 0.48125 0.425 0.096875 0.0875
4 0.49921875 0.6796875 0.103125 0.0984375
4 0.5875 0.73046875 0.103125 0.1
4 0.20078125 0.56640625 0.11875 0.1203125
4 0.21875 0.47265625 0.10625 0.09375
4 0.71640625 0.67890625 0.0953125 0.1
4 0.42265625 0.74140625 0.1015625 0.1046875
4 0.34140625 0.60078125 0.109375 0.1171875
4 0.29375 0.40390625 0.09375 0.09375
4 0.15 0.3859375 0.1046875 0.0984375
4 0.8265625 0.5375 0.0890625 0.0953125
4 0.675 0.28125 0.0421875 0.046875
4 0.58359375 0.4546875 0.1015625 0.0984375
4 0.4390625 0.35 0.10625 0.09375
4 0.3875 0.41796875 0.10625 0.1046875
4 0.6984375 0.5875 0.1046875 0.103125
4 0.428125 0.5578125 0.0921875 0.0796875
4 0.73515625 0.43359375 0.1 0.0953125
4 0.6375 0.65703125 0.0890625 0.11875
4 0.76640625 0.29609375 0.075 0.078125
4 0.63125 0.22421875 0.08125 0.0890625
4 0.28671875 0.2640625 0.0828125 0.075
4 0.334375 0.5 0.0984375 0.096875
4 0.721875 0.35078125 0.0796875 0.084375
4 0.33203125 0.696875 0.1046875 0.1046875
4 0.2109375 0.28125 0.078125 0.1015625
4 0.41171875 0.15625 0.059375 0.0625
4 0.5921875 0.57421875 0.0875 0.0890625
4 0.42421875 0.484375 0.0875 0.0859375
4 0.3546875 0.25234375 0.065625 0.0890625
4 0.759375 0.496875 0.090625 0.1015625
4 0.49453125 0.6046875 0.0875 0.084375
4 0.24375 0.34296875 0.0796875 0.0875
4 0.76328125 0.61796875 0.071875 0.090625
4 0.8484375 0.40859375 0.0671875 0.075
4 0.61640625 0.3625 0.1125 0.115625
4 0.690625 0.1828125 0.078125 0.06875
4 0.8265625 0.45703125 0.0875 0.0671875
4 0.4140625 0.23984375 0.08125 0.0859375
4 0.29921875 0.21640625 0.08125 0.0515625
4 0.5296875 0.2 0.1 0.090625
4 0.54375 0.27421875 0.115625 0.1203125
4 0.7875 0.37734375 0.0796875 0.1015625
4 0.30703125 0.34296875 0.09375 0.071875
4 0.621875 0.1375 0.06875 0.0625
4 0.52734375 0.52578125 0.0953125 0.08125
4 0.240625 0.6484375 0.103125 0.103125
4 0.45703125 0.18046875 0.0546875 0.053125
4 0.3265625 0.3 0.0734375 0.0515625
4 0.41484375 0.6359375 0.0859375 0.0875
4 0.55234375 0.14296875 0.0671875 0.046875
4 0.596875 0.16328125 0.0546875 0.0546875
4 0.65625 0.50859375 0.1140625 0.1
4 0.50234375 0.75234375 0.0796875 0.0734375
4 0.396875 0.19765625 0.0640625 0.046875
4 0.671875 0.4046875 0.0734375 0.0640625
4 0.56640625 0.65546875 0.0765625 0.084375
4 0.4984375 0.14453125 0.05625 0.0484375
4 0.578125 0.11796875 0.05625 0.0390625
4 0.45859375 0.278125 0.075 0.0796875
4 0.82578125 0.34609375 0.040625 0.0703125
4 0.46640625 0.1265625 0.0640625 0.065625
4 0.65546875 0.72421875 0.0546875 0.05625
4 0.16953125 0.446875 0.0515625 0.046875