5 0.36875 0.52421875 0.071875 0.09453125
5 0.45546875 0.578125 0.04765625 0.11484375
5 0.1078125 0.48984375 0.0671875 0.1328125
5 0.26640625 0.33828125 0.053125 0.10625
5 0.52421875 0.5015625 0.06171875 0.10078125
5 0.1703125 0.5796875 0.14140625 0.08046875
5 0.509375 0.55625 0.08984375 0.11796875
5 0.38828125 0.4984375 0.03125 0.0421875
5 0.4359375 0.46484375 0.05703125 0.078125
5 0.53984375 0.28984375 0.07265625 0.15234375
5 0.41875 0.3578125 0.04765625 0.06328125
5 0.23984375 0.2609375 0.05859375 0.090625
5 0.1015625 0.4046875 0.04453125 0.09453125
5 0.2140625 0.35234375 0.05390625 0.08046875
5 0.50078125 0.51953125 0.0546875 0.0640625
5 0.6109375 0.4703125 0.06640625 0.08046875
5 0.57890625 0.5390625 0.0671875 0.10703125
5 0.1171875 0.36796875 0.034375 0.06640625
5 0.16875 0.38046875 0.06875 0.15390625
5 0.6 0.38359375 0.05390625 0.0703125
5 0.2359375 0.52578125 0.09609375 0.11171875
5 0.31875 0.515625 0.03671875 0.04765625
5 0.5265625 0.44140625 0.06015625 0.06171875
5 0.434375 0.62109375 0.053125 0.07734375
5 0.284375 0.4265625 0.0890625 0.053125
5 0.47421875 0.41875 0.06875 0.1109375
5 0.17734375 0.28359375 0.04765625 0.05859375
5 0.52265625 0.36015625 0.0359375 0.04140625
5 0.21953125 0.21015625 0.0421875 0.04765625
5 0.0796875 0.490625 0.03671875 0.06171875