5 0.63125 0.52421875 0.071875 0.09375
5 0.54453125 0.578125 0.046875 0.115625
5 0.8921875 0.48984375 0.0671875 0.1328125
5 0.73359375 0.33828125 0.053125 0.10625
5 0.47578125 0.5015625 0.0625 0.1
5 0.8296875 0.5796875 0.140625 0.08125
5 0.490625 0.55625 0.090625 0.11875
5 0.61171875 0.4984375 0.03125 0.0421875
5 0.5640625 0.46484375 0.05625 0.078125
5 0.46015625 0.28984375 0.071875 0.153125
5 0.58125 0.3578125 0.046875 0.0625
5 0.76015625 0.2609375 0.059375 0.090625
5 0.8984375 0.4046875 0.04375 0.09375
5 0.7859375 0.35234375 0.053125 0.08125
5 0.49921875 0.51953125 0.0546875 0.0640625
5 0.3890625 0.4703125 0.065625 0.08125
5 0.42109375 0.5390625 0.0671875 0.10625
5 0.8828125 0.36796875 0.034375 0.065625
5 0.83125 0.38046875 0.06875 0.153125
5 0.4 0.38359375 0.053125 0.0703125
5 0.7640625 0.52578125 0.096875 0.1125
5 0.68125 0.515625 0.0375 0.046875
5 0.4734375 0.44140625 0.059375 0.0625
5 0.565625 0.62109375 0.053125 0.078125
5 0.715625 0.4265625 0.0890625 0.053125
5 0.52578125 0.41875 0.06875 0.1109375
5 0.82265625 0.28359375 0.046875 0.059375
5 0.47734375 0.36015625 0.0359375 0.040625
5 0.78046875 0.21015625 0.0421875 0.046875
5 0.9203125 0.490625 0.0375 0.0625