5 0.62265625 0.553125 0.090625 0.1078125
5 0.52578125 0.5859375 0.071875 0.121875
5 0.884375 0.578125 0.0953125 0.14375
5 0.7640625 0.3953125 0.075 0.115625
5 0.47578125 0.49609375 0.0828125 0.1125
5 0.803125 0.6515625 0.15625 0.1109375
5 0.478125 0.55234375 0.1140625 0.134375
5 0.609375 0.5234375 0.040625 0.0484375
5 0.5703125 0.48046875 0.0734375 0.0890625
5 0.50859375 0.2859375 0.1046875 0.1640625
5 0.6109375 0.3796875 0.0609375 0.071875
5 0.80703125 0.32578125 0.078125 0.1015625
5 0.909375 0.496875 0.0640625 0.1015625
5 0.81171875 0.4203125 0.0703125 0.090625
5 0.49453125 0.51875 0.0671875 0.075
5 0.3984375 0.44609375 0.0828125 0.09375
5 0.4140625 0.5203125 0.0890625 0.11875
5 0.90234375 0.4578125 0.0484375 0.071875
5 0.85 0.4578125 0.1015625 0.165625
5 0.42890625 0.3640625 0.06875 0.08125
5 0.7515625 0.584375 0.11875 0.13125
5 0.6734375 0.55625 0.046875 0.0546875
5 0.4875 0.43671875 0.071875 0.0734375
5 0.53671875 0.6328125 0.06875 0.0875
5 0.7265625 0.4765625 0.0984375 0.071875
5 0.54375 0.4265625 0.0921875 0.1234375
5 0.86328125 0.36171875 0.059375 0.0671875
5 0.509375 0.35859375 0.04375 0.0484375
5 0.83828125 0.28046875 0.0515625 0.05625
5 0.91171875 0.58515625 0.05 0.06875