5 0.509375 0.70859375 0.125 0.11875
5 0.5203125 0.51953125 0.11875 0.1609375
5 0.4109375 0.5921875 0.1046875 0.20625
5 0.72578125 0.42421875 0.078125 0.1328125
5 0.4171875 0.32109375 0.06875 0.1046875
5 0.5859375 0.19296875 0.071875 0.1
5 0.66484375 0.4375 0.0625 0.0953125
5 0.51640625 0.2171875 0.075 0.1
5 0.340625 0.46171875 0.0796875 0.10625
5 0.53671875 0.4359375 0.10625 0.1078125
5 0.57421875 0.61328125 0.078125 0.096875
5 0.409375 0.38046875 0.115625 0.228125
5 0.31640625 0.3671875 0.0609375 0.140625
5 0.5625 0.56328125 0.053125 0.0828125
5 0.61796875 0.5234375 0.0578125 0.0953125
5 0.66328125 0.29921875 0.1125 0.159375
5 0.67578125 0.58984375 0.10625 0.165625
5 0.57890625 0.4359375 0.05625 0.075
5 0.75703125 0.35078125 0.075 0.1546875
5 0.628125 0.175 0.071875 0.0859375
5 0.7453125 0.54765625 0.06875 0.1203125