5 0.49140625 0.70859375 0.1265625 0.1203125
5 0.51875 0.52109375 0.121875 0.1625
5 0.403125 0.584375 0.109375 0.2078125
5 0.73125 0.44375 0.08125 0.1328125
5 0.4328125 0.3140625 0.0703125 0.10625
5 0.6125 0.2015625 0.0734375 0.1015625
5 0.6703125 0.4515625 0.0640625 0.096875
5 0.54140625 0.21953125 0.0765625 0.1015625
5 0.34453125 0.4484375 0.08125 0.10625
5 0.5421875 0.43984375 0.1078125 0.109375
5 0.5640625 0.61953125 0.0796875 0.096875
5 0.41953125 0.37265625 0.11875 0.2296875
5 0.32890625 0.3515625 0.0640625 0.1421875
5 0.55625 0.56875 0.0546875 0.084375
5 0.615625 0.53359375 0.059375 0.096875
5 0.68046875 0.3140625 0.115625 0.1609375
5 0.6671875 0.6046875 0.109375 0.1671875
5 0.584375 0.44375 0.05625 0.0765625
5 0.76875 0.37421875 0.078125 0.1546875
5 0.65546875 0.1875 0.0734375 0.0875
5 0.740625 0.56875 0.0703125 0.121875