5 0.49765625 0.70859375 0.1203125 0.1140625
5 0.48046875 0.5203125 0.1140625 0.15703125
5 0.5921875 0.5890625 0.0984375 0.203125
5 0.271875 0.43203125 0.07421875 0.1296875
5 0.5765625 0.31796875 0.065625 0.103125
5 0.403125 0.19609375 0.06875 0.09765625
5 0.3328125 0.44296875 0.059375 0.09375
5 0.4734375 0.21796875 0.071875 0.09765625
5 0.6578125 0.45625 0.0765625 0.103125
5 0.4609375 0.4375 0.103125 0.10390625
5 0.4296875 0.615625 0.075 0.09375
5 0.58671875 0.37734375 0.1078125 0.22421875
5 0.67890625 0.3609375 0.05625 0.1390625
5 0.43984375 0.565625 0.05 0.08125
5 0.3828125 0.52734375 0.0546875 0.09375
5 0.3296875 0.3046875 0.10703125 0.15546875
5 0.32734375 0.59609375 0.10078125 0.16171875
5 0.41875 0.4390625 0.053125 0.0734375
5 0.23828125 0.36015625 0.0703125 0.1515625
5 0.3609375 0.1796875 0.06953125 0.08359375
5 0.25625 0.55625 0.06484375 0.11875