5 0.68125 0.5265625 0.1171875 0.1234375
5 0.5796875 0.73984375 0.096875 0.1203125
5 0.53671875 0.68671875 0.096875 0.121875
5 0.27421875 0.640625 0.1 0.1390625
5 0.67734375 0.31796875 0.0875 0.134375
5 0.5890625 0.44140625 0.0953125 0.121875
5 0.28828125 0.50078125 0.1140625 0.1875
5 0.78984375 0.559375 0.096875 0.1671875
5 0.665625 0.73515625 0.0890625 0.1078125
5 0.57421875 0.4921875 0.084375 0.1328125
5 0.6203125 0.3609375 0.1375 0.1265625
5 0.75234375 0.66328125 0.1359375 0.128125
5 0.725 0.5859375 0.1109375 0.1171875
5 0.4828125 0.246875 0.09375 0.140625
5 0.73046875 0.46796875 0.08125 0.1015625
5 0.3828125 0.70390625 0.0734375 0.125
5 0.35234375 0.61953125 0.128125 0.1328125
5 0.35390625 0.78984375 0.13125 0.165625
5 0.77578125 0.415625 0.09375 0.13125
5 0.57421875 0.6125 0.1609375 0.1421875
5 0.61484375 0.2375 0.0890625 0.128125
5 0.43984375 0.75390625 0.1015625 0.1453125
5 0.55390625 0.7875 0.103125 0.115625
5 0.32265625 0.3328125 0.1640625 0.1859375
5 0.1484375 0.40078125 0.115625 0.15625
5 0.48828125 0.17578125 0.0859375 0.084375
5 0.428125 0.31875 0.1078125 0.153125
5 0.24140625 0.496875 0.071875 0.09375
5 0.38046875 0.5578125 0.0828125 0.0984375
5 0.51796875 0.47734375 0.0765625 0.0953125
5 0.56484375 0.28046875 0.071875 0.1
5 0.4453125 0.60078125 0.1390625 0.1578125
5 0.4640625 0.4328125 0.0890625 0.0875
5 0.27265625 0.23828125 0.1203125 0.1109375
5 0.19765625 0.51796875 0.065625 0.0859375
5 0.41875 0.44453125 0.0625 0.0734375
5 0.51875 0.52265625 0.1109375 0.1296875
5 0.46875 0.51015625 0.0984375 0.115625
5 0.6734375 0.4421875 0.0640625 0.0703125
5 0.390625 0.20625 0.1109375 0.1375
5 0.2 0.32265625 0.1234375 0.1234375
5 0.37578125 0.3703125 0.078125 0.1453125
5 0.221875 0.56796875 0.05625 0.0640625
5 0.48828125 0.7078125 0.0625 0.0765625
5 0.5484375 0.22734375 0.0875 0.0671875
5 0.51796875 0.31171875 0.1015625 0.1578125
5 0.62578125 0.62578125 0.06875 0.0828125