5 0.33203125 0.57265625 0.09453125 0.10234375
5 0.48515625 0.75234375 0.07265625 0.1046875
5 0.5125 0.68984375 0.071875 0.10625
5 0.7546875 0.57734375 0.0703125 0.12578125
5 0.28125 0.3703125 0.0578125 0.1234375
5 0.3984375 0.46640625 0.0703125 0.10703125
5 0.7046875 0.44609375 0.071875 0.175
5 0.23515625 0.6328125 0.0578125 0.15703125
5 0.40078125 0.7703125 0.06640625 0.09453125
5 0.4265625 0.51171875 0.05546875 0.121875
5 0.34765625 0.396875 0.115625 0.10078125
5 0.2984375 0.72265625 0.11328125 0.1015625
5 0.3046875 0.64140625 0.0890625 0.09765625
5 0.45078125 0.25078125 0.06171875 0.1296875
5 0.26875 0.52890625 0.0609375 0.0890625
5 0.665625 0.66640625 0.04453125 0.11796875
5 0.6734375 0.57734375 0.103125 0.109375
5 0.71640625 0.7421875 0.096875 0.1453125
5 0.21171875 0.48984375 0.065625 0.11875
5 0.4578125 0.628125 0.1375 0.11015625
5 0.32109375 0.27578125 0.0609375 0.11640625
5 0.6234375 0.7296875 0.0703125 0.13203125
5 0.521875 0.79140625 0.08046875 0.09765625
5 0.628125 0.29296875 0.12734375 0.1578125
5 0.8140625 0.31328125 0.08203125 0.1390625
5 0.42734375 0.18359375 0.07109375 0.06796875
5 0.52265625 0.30625 0.075 0.13828125
5 0.74921875 0.4296875 0.05234375 0.0828125
5 0.63046875 0.525 0.06328125 0.084375
5 0.4765625 0.4828125 0.05625 0.08359375
5 0.38046875 0.3046875 0.05078125 0.08984375
5 0.57890625 0.58359375 0.10859375 0.13359375
5 0.5171875 0.42578125 0.07265625 0.071875
5 0.6515625 0.18828125 0.1015625 0.08828125
5 0.796875 0.4390625 0.046875 0.0765625
5 0.5640625 0.42578125 0.0484375 0.0625
5 0.4875 0.5265625 0.08515625 0.11171875
5 0.5328125 0.5015625 0.07578125 0.09921875
5 0.3171875 0.4890625 0.05 0.05859375
5 0.5296875 0.18828125 0.08359375 0.11953125
5 0.74375 0.25078125 0.10078125 0.1
5 0.58671875 0.3421875 0.04375 0.1390625
5 0.7859375 0.49375 0.04296875 0.05546875
5 0.56484375 0.69765625 0.046875 0.0671875
5 0.3828125 0.24921875 0.078125 0.0484375
5 0.43359375 0.32265625 0.06640625 0.1453125
5 0.4109375 0.65390625 0.05234375 0.071875