5 0.32421875 0.5515625 0.10625 0.1125
5 0.4546875 0.7484375 0.084375 0.1125
5 0.4890625 0.68984375 0.084375 0.1140625
5 0.74375 0.6078125 0.084375 0.1328125
5 0.2984375 0.34453125 0.071875 0.1296875
5 0.403125 0.45390625 0.0828125 0.1140625
5 0.709375 0.47109375 0.0921875 0.1828125
5 0.22109375 0.59921875 0.0765625 0.1625
5 0.36875 0.75625 0.078125 0.1015625
5 0.42578125 0.50234375 0.0703125 0.128125
5 0.36171875 0.37890625 0.1265625 0.1140625
5 0.27265625 0.69609375 0.125 0.1140625
5 0.2890625 0.61640625 0.1 0.1078125
5 0.48125 0.246875 0.0765625 0.1359375
5 0.2671875 0.50078125 0.071875 0.0953125
5 0.64375 0.68515625 0.0578125 0.121875
5 0.6625 0.59765625 0.115625 0.121875
5 0.68515625 0.76640625 0.1140625 0.15625
5 0.21484375 0.4546875 0.0796875 0.1265625
5 0.4421875 0.621875 0.15 0.1265625
5 0.35 0.25546875 0.075 0.1234375
5 0.59453125 0.74296875 0.0859375 0.1390625
5 0.4859375 0.7921875 0.0921875 0.10625
5 0.65234375 0.31015625 0.1453125 0.171875
5 0.834375 0.353125 0.0984375 0.1484375
5 0.46640625 0.17734375 0.078125 0.0765625
5 0.54609375 0.31015625 0.090625 0.146875
5 0.75625 0.4609375 0.0625 0.0890625
5 0.6265625 0.540625 0.0734375 0.0921875
5 0.47890625 0.48046875 0.065625 0.0890625
5 0.40546875 0.29140625 0.0609375 0.0953125
5 0.56796875 0.59296875 0.1234375 0.1453125
5 0.52578125 0.428125 0.08125 0.0796875
5 0.68828125 0.209375 0.1109375 0.1
5 0.80234375 0.47578125 0.05625 0.08125
5 0.57265625 0.434375 0.05625 0.0671875
5 0.484375 0.525 0.0984375 0.121875
5 0.53203125 0.50546875 0.0875 0.1078125
5 0.31953125 0.4671875 0.05625 0.0640625
5 0.5671875 0.19453125 0.096875 0.128125
5 0.77265625 0.28203125 0.1125 0.1109375
5 0.60546875 0.35390625 0.0609375 0.14375
5 0.784375 0.52890625 0.05 0.0609375
5 0.540625 0.70390625 0.0546875 0.071875
5 0.4140625 0.23671875 0.0828125 0.0578125
5 0.45546875 0.315625 0.084375 0.1515625
5 0.39296875 0.6421875 0.0609375 0.078125