5 0.64140625 0.50546875 0.0734375 0.1921875
5 0.79140625 0.53671875 0.096875 0.171875
5 0.84296875 0.39140625 0.0921875 0.121875
5 0.69765625 0.2890625 0.1046875 0.1046875
5 0.21640625 0.67421875 0.0515625 0.1140625
5 0.6140625 0.3703125 0.090625 0.0953125
5 0.428125 0.21796875 0.159375 0.1296875
5 0.30078125 0.25625 0.0734375 0.146875
5 0.57890625 0.7125 0.165625 0.09375
5 0.64609375 0.2046875 0.1234375 0.0625
5 0.46953125 0.596875 0.134375 0.1
5 0.34375 0.52109375 0.0640625 0.1453125
5 0.36640625 0.765625 0.184375 0.1578125
5 0.7390625 0.68203125 0.153125 0.1796875
5 0.88515625 0.4828125 0.0484375 0.1234375
5 0.7265625 0.78125 0.1359375 0.1484375
5 0.27890625 0.46640625 0.065625 0.078125
5 0.42578125 0.9140625 0.078125 0.1
5 0.36015625 0.41796875 0.08125 0.0640625
5 0.45234375 0.2765625 0.06875 0.0578125
5 0.63515625 0.259375 0.1015625 0.0859375
5 0.278125 0.64140625 0.08125 0.071875
5 0.48671875 0.13828125 0.0703125 0.0796875
5 0.29140625 0.70625 0.05625 0.0796875
5 0.559375 0.60078125 0.0578125 0.1078125
5 0.3078125 0.5171875 0.06875 0.1359375
5 0.23828125 0.5390625 0.0828125 0.1046875
5 0.19140625 0.32421875 0.0421875 0.0546875
5 0.79921875 0.7203125 0.1046875 0.1453125
5 0.82734375 0.70546875 0.0734375 0.075
5 0.16328125 0.42578125 0.0828125 0.0359375
5 0.35078125 0.8625 0.0984375 0.146875
5 0.73125 0.46796875 0.115625 0.0640625
5 0.8 0.315625 0.075 0.053125
5 0.45234375 0.30546875 0.1 0.05625
5 0.4 0.15078125 0.1046875 0.075
5 0.13515625 0.63203125 0.0328125 0.0625
5 0.4984375 0.26015625 0.0359375 0.05625
5 0.50703125 0.225 0.046875 0.059375
5 0.5328125 0.7921875 0.0625 0.0484375
5 0.17890625 0.56796875 0.05625 0.0984375
5 0.26171875 0.3375 0.05 0.0796875
5 0.3375 0.6609375 0.0515625 0.109375
5 0.76015625 0.26640625 0.078125 0.0734375
5 0.53828125 0.16796875 0.040625 0.0296875
5 0.63515625 0.171875 0.0828125 0.0265625
5 0.6703125 0.56796875 0.028125 0.0734375
5 0.48515625 0.88828125 0.075 0.190625
5 0.50234375 0.65859375 0.053125 0.065625
5 0.60234375 0.80546875 0.0890625 0.078125
5 0.4453125 0.45078125 0.1203125 0.128125
5 0.59921875 0.75625 0.0390625 0.0265625
5 0.5265625 0.83671875 0.053125 0.1296875
5 0.56015625 0.8453125 0.04375 0.0875
5 0.76875 0.41796875 0.034375 0.040625
5 0.44375 0.809375 0.04375 0.0984375
5 0.52890625 0.3171875 0.0609375 0.059375