5 0.35859375 0.4984375 0.06328125 0.18984375
5 0.20703125 0.52109375 0.0875 0.1671875
5 0.16328125 0.3734375 0.0859375 0.1171875
5 0.31328125 0.27890625 0.1 0.09921875
5 0.77421875 0.6890625 0.0453125 0.1125
5 0.39296875 0.36484375 0.0859375 0.090625
5 0.58671875 0.221875 0.153125 0.121875
5 0.71171875 0.2671875 0.06640625 0.14375
5 0.41015625 0.7078125 0.1609375 0.0859375
5 0.36953125 0.19765625 0.12109375 0.05625
5 0.525 0.5984375 0.13046875 0.09296875
5 0.6546875 0.52890625 0.05625 0.14296875
5 0.61953125 0.771875 0.17734375 0.1484375
5 0.2515625 0.66953125 0.14375 0.17265625
5 0.11640625 0.4625 0.0421875 0.12109375
5 0.259375 0.76875 0.128125 0.1421875
5 0.72265625 0.478125 0.0625 0.075
5 0.55234375 0.9171875 0.0734375 0.096875
5 0.64375 0.425 0.07890625 0.059375
5 0.559375 0.2796875 0.065625 0.0546875
5 0.37734375 0.25234375 0.09765625 0.08125
5 0.7140625 0.653125 0.078125 0.06796875
5 0.53203125 0.13984375 0.065625 0.0765625
5 0.69765625 0.7171875 0.05234375 0.0765625
5 0.43515625 0.59765625 0.053125 0.10546875
5 0.69140625 0.52734375 0.0625 0.1328125
5 0.759375 0.55234375 0.078125 0.10078125
5 0.8171875 0.340625 0.03984375 0.05234375
5 0.18984375 0.7046875 0.09765625 0.140625
5 0.1625 0.68828125 0.0703125 0.071875
5 0.83984375 0.44375 0.08046875 0.03203125
5 0.6296875 0.86953125 0.09140625 0.14296875
5 0.27109375 0.45625 0.1125 0.0578125
5 0.21015625 0.3 0.071875 0.04921875
5 0.5578125 0.30859375 0.096875 0.0515625
5 0.61796875 0.15625 0.1015625 0.0703125
5 0.8578125 0.65078125 0.0296875 0.06171875
5 0.5140625 0.2609375 0.0328125 0.0546875
5 0.50703125 0.225 0.04375 0.0578125
5 0.4515625 0.78984375 0.06015625 0.04609375
5 0.8171875 0.584375 0.05078125 0.0953125
5 0.74609375 0.35 0.0453125 0.07734375
5 0.65390625 0.66953125 0.0453125 0.10703125
5 0.25234375 0.253125 0.075 0.0703125
5 0.47890625 0.16640625 0.03984375 0.028125
5 0.38203125 0.165625 0.08203125 0.02265625
5 0.3265625 0.55859375 0.02421875 0.07265625
5 0.49453125 0.88828125 0.065625 0.1875
5 0.4890625 0.65859375 0.04921875 0.06328125
5 0.38203125 0.8 0.0859375 0.07421875
5 0.55703125 0.45390625 0.1140625 0.121875
5 0.3875 0.75078125 0.0375 0.02421875
5 0.45546875 0.83515625 0.046875 0.128125
5 0.421875 0.84140625 0.0390625 0.08515625
5 0.2359375 0.40390625 0.0328125 0.03828125
5 0.53984375 0.81171875 0.03828125 0.096875
5 0.48046875 0.315625 0.0578125 0.05625