5 0.36015625 0.47890625 0.0890625 0.196875
5 0.20703125 0.48046875 0.109375 0.178125
5 0.184375 0.328125 0.1015625 0.128125
5 0.34609375 0.2546875 0.1125 0.1125
5 0.7453125 0.725 0.0609375 0.1171875
5 0.4125 0.3515625 0.0984375 0.1015625
5 0.62421875 0.23671875 0.16875 0.1421875
5 0.7421875 0.29921875 0.0859375 0.1515625
5 0.38203125 0.69296875 0.171875 0.1078125
5 0.4125 0.1828125 0.128125 0.071875
5 0.5109375 0.60078125 0.1421875 0.1109375
5 0.64921875 0.55 0.075 0.15
5 0.58046875 0.7859375 0.196875 0.171875
5 0.23046875 0.63359375 0.165625 0.190625
5 0.125 0.409375 0.059375 0.1265625
5 0.22421875 0.7328125 0.146875 0.159375
5 0.7234375 0.509375 0.071875 0.0828125
5 0.49375 0.9203125 0.0859375 0.10625
5 0.653125 0.44609375 0.0859375 0.0703125
5 0.58984375 0.28984375 0.071875 0.0640625
5 0.41328125 0.2375 0.1078125 0.09375
5 0.690625 0.68125 0.0875 0.078125
5 0.58203125 0.14765625 0.075 0.084375
5 0.665625 0.74296875 0.0625 0.0828125
5 0.421875 0.5875 0.0671875 0.1125
5 0.6859375 0.55390625 0.0796875 0.140625
5 0.74921875 0.58828125 0.090625 0.1109375
5 0.8359375 0.3859375 0.046875 0.0578125
5 0.1640625 0.659375 0.115625 0.153125
5 0.13984375 0.63984375 0.0796875 0.08125
5 0.84453125 0.49140625 0.084375 0.0421875
5 0.57734375 0.88359375 0.1109375 0.1546875
5 0.2796875 0.425 0.11875 0.0734375
5 0.240625 0.26171875 0.078125 0.059375
5 0.58359375 0.31875 0.103125 0.0640625
5 0.66484375 0.17578125 0.1109375 0.084375
5 0.83359375 0.69921875 0.0375 0.065625
5 0.546875 0.26484375 0.040625 0.059375
5 0.5453125 0.22890625 0.0515625 0.0640625
5 0.41171875 0.78046875 0.065625 0.0546875
5 0.80234375 0.62734375 0.0640625 0.1015625
5 0.76484375 0.3859375 0.05625 0.0828125
5 0.62890625 0.6890625 0.059375 0.1125
5 0.2890625 0.22109375 0.084375 0.0796875
5 0.52578125 0.16640625 0.04375 0.0328125
5 0.4296875 0.15234375 0.084375 0.034375
5 0.3203125 0.53359375 0.034375 0.075
5 0.440625 0.88359375 0.090625 0.1953125
5 0.4671875 0.65546875 0.0578125 0.06875
5 0.34140625 0.78046875 0.0953125 0.0859375
5 0.56328125 0.4625 0.1296875 0.1359375
5 0.35390625 0.7328125 0.040625 0.0296875
5 0.409375 0.82578125 0.0640625 0.1328125
5 0.375 0.82734375 0.05 0.0890625
5 0.2515625 0.36796875 0.0375 0.0421875
5 0.49609375 0.8140625 0.0515625 0.1015625
5 0.50625 0.31484375 0.065625 0.0640625