5 0.48203125 0.68046875 0.1640625 0.140625
5 0.3609375 0.66015625 0.20625 0.175
5 0.43828125 0.82265625 0.0578125 0.034375
5 0.52890625 0.80546875 0.05 0.03125
5 0.65 0.63984375 0.1671875 0.1296875
5 0.43515625 0.565625 0.2890625 0.1296875
5 0.1875 0.68125 0.053125 0.040625
5 0.39609375 0.5 0.1734375 0.09375
5 0.1375 0.64375 0.046875 0.0328125
5 0.16171875 0.61953125 0.0515625 0.0328125
5 0.55625 0.62421875 0.1828125 0.1453125
5 0.66484375 0.759375 0.034375 0.021875
5 0.47890625 0.59296875 0.053125 0.0359375
5 0.115625 0.525 0.0484375 0.0296875
5 0.67109375 0.56796875 0.159375 0.0796875
5 0.63671875 0.77890625 0.0359375 0.021875
5 0.72421875 0.71484375 0.0359375 0.0234375
5 0.5265625 0.55234375 0.109375 0.0625
5 0.53046875 0.834375 0.0359375 0.0234375