5 0.49609375 0.68125 0.15078125 0.12265625
5 0.61875 0.67578125 0.1890625 0.15234375
5 0.521875 0.828125 0.0546875 0.028125
5 0.434375 0.8 0.04765625 0.02578125
5 0.334375 0.6203125 0.1546875 0.1109375
5 0.55625 0.57265625 0.2796875 0.096875
5 0.78828125 0.71796875 0.04921875 0.034375
5 0.603125 0.5125 0.165625 0.0734375
5 0.8421875 0.68671875 0.04453125 0.02734375
5 0.82109375 0.66015625 0.04921875 0.02734375
5 0.42890625 0.61640625 0.16796875 0.12578125
5 0.3046875 0.7375 0.0328125 0.01796875
5 0.509375 0.59453125 0.05 0.03046875
5 0.878125 0.571875 0.04609375 0.02421875
5 0.321875 0.546875 0.15234375 0.0609375
5 0.33046875 0.76015625 0.03359375 0.01796875
5 0.2515625 0.6859375 0.03359375 0.01875
5 0.4671875 0.5484375 0.10390625 0.05078125
5 0.42890625 0.828125 0.03359375 0.01875