5 0.47734375 0.6796875 0.1625 0.1375
5 0.6 0.6875 0.2046875 0.171875
5 0.4875 0.82890625 0.0578125 0.034375
5 0.403125 0.79140625 0.05 0.03125
5 0.32265625 0.60234375 0.165625 0.1265625
5 0.5484375 0.578125 0.2890625 0.125
5 0.7640625 0.746875 0.053125 0.0390625
5 0.6015625 0.5234375 0.171875 0.090625
5 0.82109375 0.72109375 0.046875 0.03125
5 0.80234375 0.69296875 0.0515625 0.0328125
5 0.4171875 0.60859375 0.1796875 0.1421875
5 0.28125 0.715625 0.034375 0.021875
5 0.49921875 0.5953125 0.053125 0.0359375
5 0.86875 0.6109375 0.0484375 0.028125
5 0.31796875 0.528125 0.1578125 0.0765625
5 0.30390625 0.740625 0.0359375 0.021875
5 0.23359375 0.65859375 0.0359375 0.021875
5 0.4625 0.54453125 0.109375 0.0609375
5 0.3953125 0.81875 0.0359375 0.021875