5 0.540625 0.63515625 0.14375 0.128125
5 0.4640625 0.7609375 0.1328125 0.178125
5 0.60703125 0.553125 0.1046875 0.165625
5 0.3375 0.67578125 0.10625 0.1
5 0.51875 0.86484375 0.1484375 0.0921875
5 0.75546875 0.68359375 0.1296875 0.1625
5 0.140625 0.7484375 0.125 0.10625
5 0.68359375 0.7 0.1484375 0.1546875
5 0.4921875 0.50859375 0.121875 0.109375
5 0.90703125 0.1203125 0.1171875 0.071875
5 0.6328125 0.77109375 0.2453125 0.2328125
5 0.3390625 0.76875 0.0484375 0.0828125
5 0.1578125 0.68828125 0.1375 0.0921875
5 0.48828125 0.58515625 0.103125 0.1
5 0.41328125 0.471875 0.0875 0.05625
5 0.64140625 0.44921875 0.09375 0.090625
5 0.69296875 0.55703125 0.0828125 0.0625