5 0.5140625 0.640625 0.1625 0.1484375
5 0.41484375 0.74921875 0.159375 0.196875
5 0.5953125 0.57265625 0.1296875 0.1796875
5 0.30703125 0.64140625 0.1203125 0.115625
5 0.44921875 0.86171875 0.1609375 0.1140625
5 0.715625 0.72890625 0.153125 0.18125
5 0.1 0.67578125 0.1390625 0.1234375
5 0.64140625 0.73125 0.16875 0.175
5 0.490625 0.50703125 0.1359375 0.1265625
5 0.95390625 0.20390625 0.0921875 0.0890625
5 0.57890625 0.79140625 0.2765625 0.2671875
5 0.290625 0.7328125 0.0609375 0.0875
5 0.128125 0.61953125 0.15 0.1125
5 0.471875 0.58125 0.1171875 0.1140625
5 0.4203125 0.45546875 0.0953125 0.06875
5 0.6484375 0.47734375 0.10625 0.103125
5 0.67890625 0.59296875 0.090625 0.075