5 0.53828125 0.6359375 0.1421875 0.125
5 0.459375 0.76015625 0.13046875 0.1765625
5 0.60625 0.5546875 0.10234375 0.1640625
5 0.334375 0.67265625 0.1046875 0.0984375
5 0.5125 0.86484375 0.14765625 0.08984375
5 0.75234375 0.68828125 0.1265625 0.1609375
5 0.13671875 0.7421875 0.1234375 0.10390625
5 0.6796875 0.703125 0.1453125 0.1515625
5 0.4921875 0.50859375 0.11953125 0.1078125
5 0.91328125 0.12734375 0.115625 0.06953125
5 0.628125 0.7734375 0.240625 0.22890625
5 0.334375 0.765625 0.046875 0.08125
5 0.1546875 0.68203125 0.13671875 0.08984375
5 0.48671875 0.58515625 0.1015625 0.09765625
5 0.4140625 0.4703125 0.08671875 0.0546875
5 0.6421875 0.4515625 0.0921875 0.08828125
5 0.6921875 0.56015625 0.08203125 0.0609375