5 0.6484375 0.60546875 0.196875 0.1828125
5 0.81328125 0.6296875 0.159375 0.1515625
5 0.515625 0.334375 0.1546875 0.109375
5 0.63671875 0.8078125 0.1625 0.1328125
5 0.77890625 0.4984375 0.1484375 0.15
5 0.22109375 0.64296875 0.1359375 0.1703125
5 0.4875 0.6484375 0.153125 0.1109375
5 0.6109375 0.56171875 0.1078125 0.109375
5 0.47578125 0.83828125 0.0703125 0.1015625
5 0.33984375 0.65234375 0.1015625 0.103125
5 0.48125 0.42578125 0.0875 0.06875
5 0.659375 0.48046875 0.1046875 0.109375
5 0.19453125 0.53046875 0.1234375 0.0734375
5 0.42734375 0.546875 0.140625 0.1234375
5 0.25546875 0.5359375 0.084375 0.065625