5 0.6515625 0.60078125 0.203125 0.1890625
5 0.81796875 0.61875 0.1640625 0.15625
5 0.509375 0.334375 0.1578125 0.115625
5 0.64765625 0.803125 0.165625 0.1390625
5 0.77890625 0.48828125 0.153125 0.1546875
5 0.2265625 0.65234375 0.140625 0.175
5 0.4921875 0.6484375 0.15625 0.115625
5 0.61328125 0.5578125 0.1125 0.1125
5 0.4875 0.8390625 0.0734375 0.103125
5 0.3453125 0.6578125 0.1046875 0.10625
5 0.478125 0.4265625 0.0890625 0.071875
5 0.65859375 0.475 0.109375 0.1125
5 0.19609375 0.540625 0.125 0.078125
5 0.42890625 0.54921875 0.14375 0.128125
5 0.25703125 0.54453125 0.0859375 0.06875