5 0.35546875 0.6109375 0.190625 0.1765625
5 0.19140625 0.640625 0.15390625 0.14609375
5 0.47890625 0.33515625 0.15078125 0.1046875
5 0.37421875 0.8125 0.1578125 0.128125
5 0.22109375 0.5078125 0.14375 0.1453125
5 0.78359375 0.6328125 0.1296875 0.16640625
5 0.51796875 0.64765625 0.15 0.10546875
5 0.39140625 0.565625 0.1046875 0.10546875
5 0.5359375 0.8375 0.06640625 0.09921875
5 0.665625 0.646875 0.0984375 0.1
5 0.51640625 0.425 0.08515625 0.065625
5 0.33984375 0.4859375 0.1015625 0.10546875
5 0.80625 0.51953125 0.12109375 0.06953125
5 0.57421875 0.54453125 0.1359375 0.11875
5 0.7453125 0.52734375 0.08203125 0.0625