4 0.43984375 0.56484375 0.0515625 0.059375
4 0.2515625 0.565625 0.040625 0.04609375
4 0.4078125 0.31796875 0.0328125 0.0421875
4 0.325 0.64609375 0.04453125 0.0703125
4 0.3140625 0.47265625 0.04453125 0.06875
4 0.68046875 0.63203125 0.0421875 0.0671875
4 0.37734375 0.51171875 0.03046875 0.05859375
4 0.453125 0.31796875 0.053125 0.05703125
4 0.64921875 0.63984375 0.04140625 0.06484375
4 0.37890625 0.72890625 0.040625 0.04140625
4 0.634375 0.33359375 0.04453125 0.07421875
4 0.4625 0.61953125 0.03203125 0.05390625
4 0.41640625 0.26171875 0.04375 0.0578125
4 0.48828125 0.36015625 0.04296875 0.05546875
4 0.6125 0.48671875 0.053125 0.06796875
4 0.46171875 0.2828125 0.0453125 0.034375
4 0.37890625 0.25546875 0.034375 0.03828125
4 0.709375 0.5265625 0.034375 0.06015625
4 0.346875 0.703125 0.0421875 0.05234375
4 0.25 0.69609375 0.04453125 0.05859375
4 0.4953125 0.39453125 0.0421875 0.0484375
4 0.246875 0.509375 0.053125 0.078125
4 0.4046875 0.6484375 0.0328125 0.0546875
4 0.6 0.43203125 0.05078125 0.0578125
4 0.209375 0.565625 0.04453125 0.08203125
4 0.32578125 0.76015625 0.0421875 0.06640625
4 0.37265625 0.28515625 0.03984375 0.0328125
4 0.29453125 0.39453125 0.03984375 0.0546875
4 0.525 0.5828125 0.02890625 0.04765625
4 0.44375 0.671875 0.0375 0.053125
4 0.71171875 0.42109375 0.03671875 0.059375
4 0.3859375 0.68203125 0.0328125 0.04296875
4 0.584375 0.33515625 0.04921875 0.05078125
4 0.4890625 0.57890625 0.03125 0.05859375
4 0.30859375 0.60078125 0.0359375 0.046875
4 0.59453125 0.37578125 0.05234375 0.0703125
4 0.66328125 0.528125 0.04609375 0.08125
4 0.4109375 0.5328125 0.0296875 0.05234375
4 0.28203125 0.71328125 0.03671875 0.0484375
4 0.6734375 0.43828125 0.0515625 0.06171875
4 0.71015625 0.471875 0.0359375 0.0453125
4 0.27265625 0.65234375 0.0421875 0.05546875
4 0.6765625 0.4859375 0.0375 0.0515625
4 0.459375 0.24375 0.05 0.04765625
4 0.4640625 0.684375 0.040625 0.06171875
4 0.70546875 0.57421875 0.03125 0.046875
4 0.67265625 0.39453125 0.03984375 0.0359375
4 0.23359375 0.43984375 0.03515625 0.0421875
4 0.4625 0.79609375 0.04765625 0.078125
4 0.45234375 0.36171875 0.034375 0.03828125
4 0.3625 0.7796875 0.05703125 0.07578125
4 0.5265625 0.309375 0.03125 0.0390625
4 0.5484375 0.74609375 0.06015625 0.07734375
4 0.47734375 0.74140625 0.0390625 0.04140625
4 0.55390625 0.32734375 0.03046875 0.046875
4 0.584375 0.29296875 0.04296875 0.0515625
4 0.40078125 0.60546875 0.028125 0.0296875
4 0.50078125 0.66640625 0.0390625 0.08203125
4 0.43515625 0.6125 0.025 0.05390625
4 0.409375 0.82109375 0.0421875 0.046875
4 0.64921875 0.70390625 0.04296875 0.06015625
4 0.29765625 0.44296875 0.04140625 0.05234375
4 0.4125 0.78125 0.040625 0.0484375
4 0.278125 0.36484375 0.03984375 0.06640625
4 0.2578125 0.41328125 0.03125 0.03984375
4 0.61796875 0.671875 0.028125 0.03359375
4 0.44140625 0.74765625 0.028125 0.0515625
4 0.4125 0.23046875 0.03125 0.0359375
4 0.334375 0.61796875 0.0234375 0.03046875
4 0.55078125 0.55859375 0.0296875 0.0421875
4 0.51484375 0.725 0.0359375 0.065625
4 0.55546875 0.27421875 0.0234375 0.03515625
4 0.51875 0.7859375 0.03046875 0.0484375
4 0.5484375 0.2265625 0.01875 0.0390625
4 0.6375 0.42109375 0.025 0.0359375
4 0.60078125 0.734375 0.05234375 0.06953125
4 0.6359375 0.54765625 0.0234375 0.05390625
4 0.53671875 0.678125 0.0296875 0.04765625
5 0.59140625 0.25078125 0.0734375 0.06875
5 0.6890625 0.3578125 0.0359375 0.05859375
4 0.5515625 0.4640625 0.0375 0.053125
4 0.44296875 0.525 0.04140625 0.05078125
4 0.4859375 0.225 0.0234375 0.034375
4 0.5734375 0.4359375 0.01484375 0.02265625