4 0.43515625 0.56015625 0.05625 0.0625
4 0.24765625 0.5484375 0.04375 0.0484375
4 0.42109375 0.31171875 0.0359375 0.04375
4 0.315625 0.63359375 0.05 0.0734375
4 0.31640625 0.459375 0.0484375 0.071875
4 0.67109375 0.64453125 0.046875 0.0703125
4 0.3765625 0.503125 0.034375 0.0609375
4 0.465625 0.31484375 0.05625 0.0609375
4 0.6390625 0.65 0.0453125 0.0671875
4 0.36328125 0.71953125 0.04375 0.04375
4 0.6453125 0.34375 0.05 0.0765625
4 0.45390625 0.61640625 0.0359375 0.05625
4 0.43359375 0.25625 0.0484375 0.0609375
4 0.4984375 0.359375 0.046875 0.0578125
4 0.61328125 0.49453125 0.0578125 0.071875
4 0.47734375 0.28046875 0.046875 0.0375
4 0.39609375 0.24765625 0.0375 0.040625
4 0.70703125 0.54140625 0.0390625 0.0625
4 0.3328125 0.6921875 0.0453125 0.0546875
4 0.23671875 0.678125 0.0484375 0.0609375
4 0.50234375 0.39453125 0.0453125 0.0515625
4 0.246875 0.49140625 0.0578125 0.08125
4 0.39453125 0.64140625 0.0359375 0.05625
4 0.6046875 0.4390625 0.0546875 0.0609375
4 0.20546875 0.5453125 0.05 0.084375
4 0.3078125 0.74765625 0.046875 0.06875
4 0.38828125 0.2765625 0.0421875 0.0359375
4 0.30234375 0.38046875 0.04375 0.0578125
4 0.51953125 0.584375 0.0328125 0.05
4 0.43203125 0.6671875 0.040625 0.05625
4 0.71640625 0.4359375 0.040625 0.0625
4 0.3734375 0.6734375 0.0359375 0.0453125
4 0.5953125 0.34140625 0.053125 0.0546875
4 0.48359375 0.578125 0.0359375 0.0609375
4 0.30234375 0.5875 0.0390625 0.05
4 0.603125 0.3828125 0.0578125 0.0734375
4 0.6609375 0.5390625 0.0515625 0.084375
4 0.40859375 0.5265625 0.0328125 0.0546875
4 0.26796875 0.69765625 0.040625 0.0515625
4 0.67734375 0.45078125 0.05625 0.065625
4 0.71171875 0.48671875 0.0390625 0.0484375
4 0.2625 0.6359375 0.0453125 0.0578125
4 0.67734375 0.4984375 0.040625 0.0546875
4 0.47734375 0.24140625 0.053125 0.0515625
4 0.4515625 0.68125 0.0453125 0.0640625
4 0.7 0.58828125 0.034375 0.0484375
4 0.6796875 0.40703125 0.0421875 0.0390625
4 0.23828125 0.42109375 0.0375 0.0453125
4 0.4421875 0.79296875 0.053125 0.08125
4 0.46171875 0.35859375 0.0375 0.040625
4 0.34296875 0.76953125 0.0625 0.0796875
4 0.53984375 0.31171875 0.034375 0.040625
4 0.53125 0.74921875 0.065625 0.08125
4 0.4609375 0.7390625 0.0421875 0.04375
4 0.565625 0.33125 0.034375 0.0484375
4 0.5984375 0.29921875 0.046875 0.0546875
4 0.39375 0.5984375 0.0296875 0.03125
4 0.4890625 0.66640625 0.0453125 0.084375
4 0.42734375 0.6078125 0.028125 0.05625
4 0.3875 0.8140625 0.0453125 0.05
4 0.634375 0.7140625 0.046875 0.0625
4 0.30234375 0.42890625 0.0453125 0.0546875
4 0.39296875 0.77421875 0.04375 0.0515625
4 0.28828125 0.35 0.04375 0.06875
4 0.2640625 0.396875 0.034375 0.0421875
4 0.60546875 0.6796875 0.0296875 0.0359375
4 0.42421875 0.74296875 0.03125 0.053125
4 0.43125 0.225 0.034375 0.0375
4 0.3265625 0.60625 0.025 0.03125
4 0.546875 0.56171875 0.0328125 0.04375
4 0.49921875 0.72578125 0.040625 0.06875
4 0.57109375 0.27890625 0.0265625 0.0359375
4 0.4984375 0.78671875 0.034375 0.05
4 0.5671875 0.23046875 0.021875 0.040625
4 0.64296875 0.43125 0.028125 0.0375
4 0.584375 0.740625 0.0578125 0.0734375
4 0.63203125 0.55703125 0.0265625 0.0546875
4 0.52421875 0.68046875 0.0328125 0.05
5 0.60859375 0.2578125 0.078125 0.0734375
5 0.6984375 0.37109375 0.040625 0.0609375
4 0.55390625 0.46796875 0.040625 0.05625
4 0.44140625 0.52109375 0.0453125 0.053125
4 0.50546875 0.225 0.025 0.0359375
4 0.57734375 0.44140625 0.015625 0.0234375