4 0.434375 0.559375 0.05625 0.0640625
4 0.246875 0.54375 0.04375 0.05
4 0.42421875 0.3109375 0.0359375 0.0453125
4 0.31328125 0.63046875 0.05 0.0734375
4 0.3171875 0.45625 0.05 0.071875
4 0.66796875 0.646875 0.0484375 0.0703125
4 0.3765625 0.50078125 0.0359375 0.0609375
4 0.46953125 0.31484375 0.0578125 0.0609375
4 0.63671875 0.65234375 0.046875 0.06875
4 0.359375 0.7171875 0.04375 0.0453125
4 0.6484375 0.34609375 0.0515625 0.078125
4 0.45234375 0.615625 0.0359375 0.05625
4 0.4375 0.25546875 0.0484375 0.0609375
4 0.50078125 0.359375 0.046875 0.059375
4 0.61328125 0.496875 0.059375 0.071875
4 0.48046875 0.28046875 0.0484375 0.0375
4 0.40078125 0.24609375 0.0375 0.040625
4 0.70625 0.54453125 0.0390625 0.0625
4 0.3296875 0.6890625 0.046875 0.05625
4 0.23359375 0.6734375 0.05 0.0625
4 0.5046875 0.39453125 0.046875 0.0515625
4 0.246875 0.4875 0.059375 0.0828125
4 0.3921875 0.63984375 0.0375 0.0578125
4 0.60546875 0.440625 0.05625 0.0625
4 0.2046875 0.53984375 0.0515625 0.0859375
4 0.30390625 0.74375 0.0484375 0.0703125
4 0.3921875 0.275 0.0421875 0.0359375
4 0.3046875 0.37734375 0.04375 0.0578125
4 0.51796875 0.584375 0.0328125 0.05
4 0.42890625 0.66640625 0.0421875 0.05625
4 0.71796875 0.43984375 0.0421875 0.0625
4 0.3703125 0.67109375 0.0359375 0.0453125
4 0.5984375 0.34296875 0.053125 0.0546875
4 0.48203125 0.57734375 0.0359375 0.0609375
4 0.30078125 0.58359375 0.040625 0.05
4 0.6046875 0.384375 0.0578125 0.075
4 0.66015625 0.5421875 0.053125 0.084375
4 0.40859375 0.525 0.034375 0.0546875
4 0.2640625 0.69375 0.040625 0.0515625
4 0.678125 0.45390625 0.05625 0.065625
4 0.71171875 0.490625 0.0390625 0.0484375
4 0.26015625 0.63203125 0.046875 0.059375
4 0.67734375 0.5015625 0.0421875 0.0546875
4 0.48203125 0.24140625 0.0546875 0.0515625
4 0.4484375 0.68046875 0.0453125 0.065625
4 0.6984375 0.5921875 0.0359375 0.05
4 0.68125 0.41015625 0.0421875 0.0390625
4 0.23984375 0.4171875 0.0390625 0.0453125
4 0.43671875 0.79140625 0.0546875 0.08125
4 0.46484375 0.3578125 0.0375 0.040625
4 0.33828125 0.76640625 0.0640625 0.0796875
4 0.54296875 0.3125 0.034375 0.0421875
4 0.5265625 0.74921875 0.0671875 0.0828125
4 0.45625 0.73828125 0.0421875 0.0453125
4 0.56875 0.3328125 0.034375 0.05
4 0.60234375 0.30078125 0.046875 0.0546875
4 0.3921875 0.59609375 0.03125 0.03125
4 0.4859375 0.665625 0.0453125 0.084375
4 0.42578125 0.60625 0.0296875 0.05625
4 0.38203125 0.81171875 0.046875 0.05
4 0.63125 0.71640625 0.0484375 0.0640625
4 0.303125 0.42578125 0.0453125 0.05625
4 0.38828125 0.77265625 0.0453125 0.0515625
4 0.290625 0.34609375 0.0453125 0.0703125
4 0.26640625 0.3921875 0.034375 0.0421875
4 0.60234375 0.68125 0.03125 0.0359375
4 0.4203125 0.74140625 0.0328125 0.053125
4 0.4359375 0.22421875 0.034375 0.0390625
4 0.325 0.603125 0.0265625 0.0328125
4 0.5453125 0.5625 0.0328125 0.0453125
4 0.4953125 0.72578125 0.0421875 0.06875
4 0.575 0.2796875 0.0265625 0.0375
4 0.49375 0.78671875 0.034375 0.0515625
4 0.571875 0.23203125 0.021875 0.040625
4 0.64375 0.43359375 0.028125 0.0375
4 0.5796875 0.7421875 0.0578125 0.0734375
4 0.63125 0.559375 0.028125 0.05625
4 0.52109375 0.68046875 0.034375 0.05
5 0.6125 0.259375 0.0796875 0.075
5 0.70078125 0.375 0.040625 0.0609375
4 0.5546875 0.46875 0.0421875 0.05625
4 0.440625 0.5203125 0.0453125 0.0546875
4 0.51015625 0.225 0.0265625 0.0359375
4 0.57890625 0.44296875 0.0171875 0.0234375