5 0.58984375 0.5515625 0.1296875 0.1609375
5 0.68203125 0.57109375 0.14375 0.1765625
5 0.44296875 0.61796875 0.1421875 0.1671875
5 0.5125 0.69296875 0.1171875 0.0953125
5 0.490625 0.44140625 0.1109375 0.14375
5 0.41328125 0.47734375 0.059375 0.075
5 0.58359375 0.4890625 0.0828125 0.0703125
5 0.65625 0.73984375 0.05 0.0484375
5 0.42578125 0.58828125 0.059375 0.090625
5 0.59296875 0.67734375 0.0765625 0.2078125
5 0.66953125 0.68515625 0.109375 0.10625
5 0.63359375 0.4703125 0.1203125 0.078125
5 0.3578125 0.534375 0.153125 0.0921875
5 0.73046875 0.51484375 0.0640625 0.0625
5 0.496875 0.7546875 0.0484375 0.0578125
5 0.340625 0.50390625 0.09375 0.0515625
5 0.4375 0.71640625 0.09375 0.0953125
5 0.37109375 0.62265625 0.05 0.053125
5 0.5765625 0.64765625 0.0296875 0.0453125