5 0.58359375 0.5609375 0.1140625 0.14921875
5 0.6734375 0.58984375 0.1265625 0.16484375
5 0.43125 0.61171875 0.1265625 0.1546875
5 0.4921875 0.69296875 0.109375 0.084375
5 0.496875 0.440625 0.096875 0.13359375
5 0.41640625 0.46875 0.053125 0.06953125
5 0.584375 0.49765625 0.07734375 0.06328125
5 0.63046875 0.7546875 0.0453125 0.04375
5 0.4171875 0.5796875 0.05 0.08515625
5 0.57421875 0.6859375 0.05625 0.203125
5 0.64921875 0.7015625 0.1 0.096875
5 0.6359375 0.484375 0.11328125 0.0671875
5 0.3546875 0.51953125 0.14609375 0.078125
5 0.72734375 0.5390625 0.05859375 0.05625
5 0.4703125 0.753125 0.04375 0.05390625
5 0.34140625 0.4875 0.0890625 0.04296875
5 0.41484375 0.70859375 0.08515625 0.08671875
5 0.35859375 0.60859375 0.0453125 0.04921875
5 0.5609375 0.6546875 0.02578125 0.04296875