5 0.4125 0.5546875 0.1234375 0.15625
5 0.32109375 0.57734375 0.1375 0.1734375
5 0.5609375 0.61640625 0.1375 0.1625
5 0.49453125 0.69296875 0.115625 0.0921875
5 0.50703125 0.440625 0.10625 0.140625
5 0.5859375 0.475 0.0578125 0.0734375
5 0.415625 0.49140625 0.08125 0.06875
5 0.35234375 0.7453125 0.0484375 0.046875
5 0.57734375 0.58515625 0.05625 0.0890625
5 0.41328125 0.68046875 0.0703125 0.20625
5 0.33671875 0.690625 0.10625 0.103125
5 0.365625 0.475 0.1171875 0.075
5 0.64375 0.5296875 0.1515625 0.0875
5 0.2703125 0.5234375 0.0625 0.0609375
5 0.51171875 0.7546875 0.046875 0.05625
5 0.659375 0.4984375 0.0921875 0.0484375
5 0.5703125 0.7140625 0.090625 0.0921875
5 0.63359375 0.61796875 0.0484375 0.0515625
5 0.428125 0.65 0.028125 0.0453125