5 0.68046875 0.68359375 0.0828125 0.09375
5 0.440625 0.346875 0.0546875 0.08125
5 0.30859375 0.40390625 0.06875 0.084375
5 0.63046875 0.390625 0.0828125 0.0859375
5 0.55390625 0.73125 0.08125 0.078125
5 0.5484375 0.665625 0.0671875 0.078125
5 0.4984375 0.5640625 0.0625 0.0953125
5 0.47265625 0.69140625 0.059375 0.071875
5 0.60625 0.5515625 0.0703125 0.071875
5 0.71328125 0.44765625 0.0765625 0.0875
5 0.30546875 0.571875 0.0609375 0.0515625
5 0.7421875 0.53515625 0.0671875 0.1234375
5 0.45390625 0.453125 0.059375 0.0640625
5 0.40390625 0.34453125 0.0453125 0.0640625
5 0.2375 0.5671875 0.0421875 0.04375
5 0.4609375 0.7296875 0.0484375 0.0625
5 0.69453125 0.34296875 0.0734375 0.0734375
5 0.37578125 0.48828125 0.0640625 0.05625