5 0.28515625 0.6421875 0.08125 0.090625
5 0.58984375 0.3625 0.0515625 0.0796875
5 0.70703125 0.44609375 0.065625 0.0828125
5 0.39453125 0.36640625 0.08125 0.0828125
5 0.39921875 0.71484375 0.078125 0.0765625
5 0.41875 0.65234375 0.0640625 0.0765625
5 0.48828125 0.56328125 0.059375 0.09375
5 0.48671875 0.6921875 0.0578125 0.0703125
5 0.38515625 0.528125 0.06875 0.06875
5 0.30234375 0.40390625 0.0734375 0.0859375
5 0.675 0.6109375 0.059375 0.05
5 0.25625 0.484375 0.0640625 0.121875
5 0.5546875 0.4640625 0.0578125 0.0625
5 0.62578125 0.3671875 0.04375 0.0625
5 0.74296875 0.6203125 0.0421875 0.0421875
5 0.490625 0.7328125 0.046875 0.0609375
5 0.3421875 0.30546875 0.071875 0.071875
5 0.62421875 0.51484375 0.0625 0.0546875