5 0.2984375 0.66015625 0.0734375 0.08515625
5 0.57734375 0.35546875 0.0453125 0.07578125
5 0.7015625 0.428125 0.059375 0.07734375
5 0.38359375 0.37578125 0.07421875 0.07734375
5 0.41796875 0.72265625 0.07265625 0.0703125
5 0.43203125 0.65859375 0.05859375 0.071875
5 0.49375 0.5640625 0.0515625 0.0890625
5 0.50390625 0.69296875 0.0515625 0.06640625
5 0.38828125 0.53828125 0.06328125 0.0640625
5 0.29453125 0.421875 0.0671875 0.08046875
5 0.684375 0.5953125 0.05625 0.0453125
5 0.25546875 0.50546875 0.05390625 0.1171875
5 0.5515625 0.459375 0.05234375 0.0578125
5 0.6140625 0.35703125 0.03828125 0.06015625
5 0.75234375 0.5984375 0.03828125 0.0390625
5 0.5109375 0.7328125 0.0421875 0.0578125
5 0.32578125 0.3203125 0.06640625 0.065625
5 0.625 0.50390625 0.0578125 0.05