5 0.52578125 0.5796875 0.053125 0.2015625
5 0.553125 0.61875 0.084375 0.2671875
5 0.65703125 0.62421875 0.0578125 0.24375
5 0.784375 0.4140625 0.1578125 0.1671875
5 0.76171875 0.64921875 0.1046875 0.184375
5 0.39453125 0.36796875 0.0875 0.153125
5 0.4609375 0.5890625 0.109375 0.3734375
5 0.65078125 0.44765625 0.1109375 0.14375
5 0.19296875 0.4921875 0.128125 0.1890625
5 0.39765625 0.8078125 0.0875 0.1046875
5 0.31171875 0.60234375 0.196875 0.1984375
5 0.48046875 0.75078125 0.140625 0.2109375
5 0.4953125 0.390625 0.059375 0.1484375
5 0.20546875 0.66328125 0.09375 0.1375
5 0.65078125 0.30078125 0.0703125 0.0953125
5 0.7171875 0.55 0.075 0.0609375
5 0.37265625 0.54921875 0.090625 0.1265625
5 0.4765625 0.30234375 0.10625 0.0625
5 0.85234375 0.57890625 0.128125 0.1765625
5 0.34453125 0.3140625 0.0609375 0.2046875
5 0.60625 0.46796875 0.0671875 0.1
5 0.565625 0.48046875 0.0515625 0.1
5 0.303125 0.76328125 0.140625 0.1171875
5 0.46796875 0.334375 0.0640625 0.0640625
5 0.68203125 0.3609375 0.065625 0.08125
5 0.53828125 0.4265625 0.04375 0.0828125
5 0.9046875 0.21875 0.1765625 0.3671875
5 0.59296875 0.73359375 0.084375 0.0921875