5 0.5296875 0.578125 0.04296875 0.19921875
5 0.559375 0.615625 0.07109375 0.26328125
5 0.66328125 0.615625 0.0453125 0.24140625
5 0.7796875 0.39921875 0.15 0.16015625
5 0.76953125 0.63515625 0.0953125 0.1796875
5 0.3875 0.3734375 0.08046875 0.1484375
5 0.465625 0.590625 0.08984375 0.36953125
5 0.64765625 0.43984375 0.103125 0.1390625
5 0.19296875 0.50859375 0.11796875 0.18359375
5 0.4140625 0.8125 0.08203125 0.1
5 0.3171875 0.61171875 0.1875 0.1890625
5 0.49375 0.7515625 0.1296875 0.20390625
5 0.48984375 0.390625 0.05234375 0.14609375
5 0.2140625 0.678125 0.0875 0.13359375
5 0.63984375 0.29296875 0.065625 0.09140625
5 0.71953125 0.53828125 0.071875 0.05703125
5 0.375 0.55546875 0.084375 0.12265625
5 0.46640625 0.30390625 0.103125 0.0578125
5 0.85625 0.56015625 0.11875 0.1703125
5 0.33515625 0.32265625 0.05 0.20234375
5 0.6046875 0.4625 0.06171875 0.09765625
5 0.56484375 0.47734375 0.046875 0.09765625
5 0.3171875 0.7734375 0.134375 0.11015625
5 0.459375 0.3359375 0.06171875 0.06015625
5 0.67421875 0.3515625 0.0609375 0.078125
5 0.534375 0.425 0.0390625 0.08125
5 0.8890625 0.19765625 0.15859375 0.36015625
5 0.6046875 0.728125 0.0796875 0.0875