5 0.53359375 0.5765625 0.053125 0.2015625
5 0.565625 0.6125 0.084375 0.2671875
5 0.66875 0.60703125 0.0578125 0.24375
5 0.77421875 0.384375 0.1578125 0.1671875
5 0.7765625 0.62109375 0.1046875 0.184375
5 0.38125 0.3796875 0.0875 0.153125
5 0.4703125 0.5921875 0.109375 0.3734375
5 0.64453125 0.43203125 0.1109375 0.14375
5 0.19375 0.525 0.128125 0.1890625
5 0.43046875 0.81640625 0.0875 0.1046875
5 0.3234375 0.62109375 0.196875 0.1984375
5 0.50703125 0.7515625 0.140625 0.2109375
5 0.484375 0.39140625 0.059375 0.1484375
5 0.2234375 0.69296875 0.09375 0.1375
5 0.62890625 0.2859375 0.0703125 0.0953125
5 0.72109375 0.5265625 0.075 0.0609375
5 0.378125 0.56171875 0.090625 0.1265625
5 0.45625 0.30625 0.10625 0.0625
5 0.85859375 0.54140625 0.128125 0.1765625
5 0.32578125 0.33125 0.0609375 0.2046875
5 0.60234375 0.45703125 0.0671875 0.1
5 0.56328125 0.47421875 0.0515625 0.1
5 0.33203125 0.7828125 0.140625 0.1171875
5 0.45078125 0.33828125 0.0640625 0.0640625
5 0.66640625 0.34296875 0.065625 0.08125
5 0.53046875 0.4234375 0.04375 0.0828125
5 0.87265625 0.18046875 0.1765625 0.3609375
5 0.61640625 0.72265625 0.084375 0.0921875