4 0.41875 0.590625 0.028125 0.04375
5 0.4859375 0.4875 0.06640625 0.13828125
5 0.4265625 0.47109375 0.0609375 0.11484375
4 0.41171875 0.6390625 0.0453125 0.0546875
4 0.35546875 0.5203125 0.040625 0.0703125
4 0.43359375 0.39921875 0.02890625 0.03515625
4 0.3265625 0.59140625 0.04296875 0.0484375
5 0.4609375 0.67109375 0.1125 0.08671875
4 0.3828125 0.68515625 0.03203125 0.04375
4 0.46171875 0.60234375 0.05078125 0.06328125
4 0.3625 0.46015625 0.0359375 0.06015625
4 0.4 0.5234375 0.028125 0.0375
4 0.3953125 0.4328125 0.04375 0.0578125
5 0.2765625 0.61015625 0.0671875 0.1015625
5 0.31953125 0.48203125 0.04765625 0.06015625
5 0.646875 0.47109375 0.06953125 0.11875
5 0.29296875 0.32890625 0.0515625 0.090625
5 0.3859375 0.38125 0.03828125 0.03671875
5 0.39140625 0.5546875 0.028125 0.04140625