4 0.4015625 0.571875 0.0359375 0.0484375
5 0.4890625 0.48515625 0.09375 0.1484375
5 0.434375 0.45625 0.0828125 0.125
4 0.384375 0.61796875 0.05625 0.0625
4 0.3546875 0.48984375 0.0546875 0.0765625
4 0.45625 0.3875 0.0359375 0.040625
4 0.31171875 0.553125 0.0515625 0.05625
5 0.4265625 0.659375 0.128125 0.1078125
4 0.346875 0.65703125 0.040625 0.05
4 0.44140625 0.5921875 0.0625 0.071875
4 0.3734375 0.4328125 0.0484375 0.065625
4 0.39765625 0.50234375 0.0359375 0.0421875
4 0.41171875 0.4125 0.0546875 0.065625
5 0.25859375 0.5609375 0.0875 0.1140625
5 0.32734375 0.44453125 0.059375 0.06875
5 0.65 0.50234375 0.0921875 0.13125
5 0.3328125 0.28984375 0.06875 0.1
5 0.41328125 0.36015625 0.0453125 0.04375
5 0.38203125 0.53125 0.0359375 0.046875