4 0.575 0.59609375 0.03125 0.0453125
5 0.51484375 0.48828125 0.0765625 0.1421875
5 0.575 0.4765625 0.06875 0.11875
4 0.578125 0.64453125 0.0484375 0.0578125
4 0.64296875 0.53046875 0.0453125 0.0734375
4 0.5734375 0.40390625 0.03125 0.0375
4 0.66640625 0.603125 0.046875 0.0515625
5 0.52734375 0.6734375 0.11875 0.09375
4 0.60390625 0.69296875 0.034375 0.0453125
4 0.53125 0.6046875 0.0546875 0.0671875
4 0.63984375 0.46953125 0.040625 0.0625
4 0.5984375 0.53046875 0.03125 0.0390625
4 0.609375 0.440625 0.0484375 0.0609375
5 0.71484375 0.62578125 0.0734375 0.10625
5 0.68125 0.49453125 0.0515625 0.0640625
5 0.35546875 0.4609375 0.078125 0.1234375
5 0.71875 0.34375 0.0578125 0.09375
5 0.621875 0.38984375 0.040625 0.0390625
5 0.6046875 0.5625 0.03125 0.04375