5 0.7078125 0.54765625 0.1796875 0.309375
5 0.5875 0.36796875 0.15625 0.19375
5 0.53671875 0.475 0.2078125 0.3890625
5 0.45078125 0.52734375 0.2234375 0.240625
5 0.69296875 0.39140625 0.1609375 0.190625
5 0.465625 0.2859375 0.165625 0.1515625
5 0.3515625 0.640625 0.1421875 0.1859375
4 0.33515625 0.67109375 0.01875 0.0234375
4 0.5203125 0.7203125 0.0375 0.0421875
4 0.4484375 0.61015625 0.021875 0.0234375
4 0.34375 0.60390625 0.015625 0.01875
4 0.5 0.49296875 0.021875 0.0234375
5 0.4140625 0.340625 0.084375 0.0953125
5 0.6953125 0.5296875 0.0484375 0.0671875
4 0.5390625 0.73046875 0.0265625 0.0375
4 0.475 0.7140625 0.025 0.028125
4 0.3671875 0.5953125 0.0296875 0.0265625