5 0.69453125 0.58671875 0.1265625 0.290625
5 0.6109375 0.38671875 0.125 0.17265625
5 0.540625 0.4828125 0.140625 0.36953125
5 0.446875 0.5171875 0.1875 0.20859375
5 0.71015625 0.43046875 0.13203125 0.16796875
5 0.50703125 0.28359375 0.14453125 0.12578125
5 0.32734375 0.609375 0.1125 0.1671875
4 0.30546875 0.63671875 0.015625 0.0203125
4 0.478125 0.7203125 0.03046875 0.0375
4 0.428125 0.5984375 0.01875 0.0203125
4 0.3265625 0.571875 0.0125 0.01640625
4 0.5015625 0.49296875 0.01875 0.0203125
5 0.44609375 0.32734375 0.06953125 0.08359375
5 0.6859375 0.56640625 0.03671875 0.06171875
4 0.49453125 0.73359375 0.0203125 0.034375
4 0.434375 0.70546875 0.0203125 0.02421875
4 0.3515625 0.56796875 0.0265625 0.02265625