5 0.2953125 0.55859375 0.165625 0.3046875
5 0.40625 0.37265625 0.1484375 0.1890625
5 0.4625 0.47734375 0.190625 0.3859375
5 0.55 0.52421875 0.2140625 0.2328125
5 0.3015625 0.4015625 0.1546875 0.184375
5 0.5234375 0.284375 0.1609375 0.1453125
5 0.65546875 0.63203125 0.134375 0.18125
4 0.6734375 0.6625 0.01875 0.021875
4 0.490625 0.72109375 0.0359375 0.040625
4 0.5578125 0.6078125 0.021875 0.0234375
4 0.66171875 0.5953125 0.0140625 0.01875
4 0.49921875 0.49296875 0.021875 0.0234375
5 0.57734375 0.33671875 0.08125 0.0921875
5 0.30625 0.53984375 0.0453125 0.065625
4 0.47265625 0.73203125 0.025 0.0375
4 0.53671875 0.7125 0.0234375 0.0265625
4 0.6375 0.58828125 0.0296875 0.0265625