3 0.53515625 0.24296875 0.1765625 0.16171875
3 0.3203125 0.32421875 0.1484375 0.22890625
3 0.57109375 0.6296875 0.1390625 0.21796875
4 0.409375 0.17734375 0.059375 0.10625
3 0.6921875 0.49140625 0.05625 0.08515625
3 0.4484375 0.5171875 0.18203125 0.24765625
3 0.39609375 0.734375 0.13046875 0.1765625
3 0.334375 0.6734375 0.0953125 0.19296875
3 0.5140625 0.78125 0.08828125 0.1359375
3 0.2515625 0.61015625 0.075 0.08046875
3 0.28515625 0.34140625 0.0875 0.15703125
3 0.509375 0.47734375 0.0640625 0.09375
3 0.27421875 0.278125 0.05234375 0.08671875