3 0.48984375 0.240625 0.2015625 0.190625
3 0.2921875 0.3578125 0.1859375 0.2515625
3 0.5921875 0.615625 0.175 0.2390625
4 0.3546875 0.19765625 0.0765625 0.115625
3 0.6875 0.4578125 0.0703125 0.09375
3 0.45234375 0.52578125 0.221875 0.275
3 0.43828125 0.74921875 0.159375 0.196875
3 0.3671875 0.69921875 0.128125 0.20625
3 0.5625 0.77421875 0.1109375 0.1484375
3 0.27421875 0.6515625 0.0875 0.0921875
3 0.2609375 0.38125 0.1140625 0.1703125
3 0.50546875 0.47578125 0.0796875 0.103125
3 0.2390625 0.3203125 0.0671875 0.09375