3 0.41640625 0.2546875 0.2046875 0.1921875
3 0.64296875 0.29296875 0.1890625 0.253125
3 0.4546875 0.640625 0.178125 0.240625
4 0.52734375 0.165625 0.078125 0.115625
3 0.309375 0.528125 0.071875 0.09375
3 0.55390625 0.50703125 0.2265625 0.278125
3 0.646875 0.71015625 0.1625 0.1984375
3 0.6953125 0.63828125 0.1296875 0.2078125
3 0.53984375 0.77890625 0.1125 0.15
3 0.76484375 0.5609375 0.0890625 0.09375
3 0.68046875 0.303125 0.115625 0.1703125
3 0.48671875 0.4796875 0.08125 0.1046875
3 0.6796875 0.2390625 0.0671875 0.0953125