4 0.1765625 0.5625 0.178125 0.14375
4 0.36171875 0.5171875 0.1265625 0.16875
4 0.55546875 0.41875 0.165625 0.1828125
4 0.54765625 0.57890625 0.2 0.2125
4 0.74921875 0.33828125 0.08125 0.0953125
4 0.66875 0.44453125 0.1234375 0.1640625
4 0.43515625 0.71484375 0.1484375 0.1796875
4 0.790625 0.609375 0.1328125 0.1203125
4 0.6859375 0.6609375 0.153125 0.1546875
4 0.65625 0.34140625 0.13125 0.1015625
4 0.73984375 0.4875 0.0984375 0.1703125
4 0.3078125 0.62578125 0.0703125 0.08125
4 0.58359375 0.2890625 0.046875 0.0625
4 0.7140625 0.56328125 0.096875 0.1375
4 0.4171875 0.45859375 0.1359375 0.1859375
4 0.23046875 0.38203125 0.13125 0.1
4 0.28984375 0.54765625 0.090625 0.1046875
4 0.1984375 0.44921875 0.0796875 0.0828125
4 0.296875 0.6953125 0.1546875 0.1859375