4 0.18125 0.4140625 0.18125 0.1484375
4 0.36796875 0.4546875 0.13125 0.1703125
4 0.58515625 0.4515625 0.1703125 0.1875
4 0.50859375 0.5921875 0.20625 0.2171875
4 0.79453125 0.4640625 0.084375 0.096875
4 0.67578125 0.5234375 0.1265625 0.165625
4 0.34765625 0.66484375 0.1515625 0.1828125
4 0.71328125 0.72578125 0.134375 0.1234375
4 0.596875 0.7265625 0.15625 0.1578125
4 0.71015625 0.42578125 0.1328125 0.1046875
4 0.72109375 0.59375 0.1046875 0.171875
4 0.271875 0.52890625 0.071875 0.0828125
4 0.66796875 0.346875 0.0484375 0.0625
4 0.66484375 0.65078125 0.1 0.1390625
4 0.44375 0.4265625 0.140625 0.1875
4 0.309375 0.27578125 0.1328125 0.103125
4 0.28984375 0.45078125 0.0921875 0.10625
4 0.2515625 0.321875 0.08125 0.084375
4 0.23203125 0.58671875 0.159375 0.1890625