4 0.8296875 0.49375 0.15859375 0.11328125
4 0.6390625 0.48828125 0.096875 0.1515625
4 0.42890625 0.43203125 0.1359375 0.15859375
4 0.46953125 0.5875 0.16640625 0.18203125
4 0.22265625 0.39375 0.065625 0.0828125
4 0.3234375 0.48046875 0.09453125 0.146875
4 0.6078125 0.696875 0.1171875 0.159375
4 0.23828125 0.6671875 0.1140625 0.09921875
4 0.3515625 0.69609375 0.12890625 0.13046875
4 0.3140625 0.37734375 0.1171875 0.078125
4 0.2625 0.5375 0.0671875 0.16015625
4 0.7140625 0.5828125 0.05625 0.07109375
4 0.37421875 0.3109375 0.0359375 0.05546875
4 0.30390625 0.60625 0.07265625 0.125
4 0.57265625 0.4421875 0.103125 0.16796875
4 0.7390625 0.32890625 0.11796875 0.07734375
4 0.715625 0.503125 0.07265625 0.0921875
4 0.784375 0.3875 0.06640625 0.07109375
4 0.7390625 0.64921875 0.1234375 0.16328125