4 0.596875 0.40390625 0.02421875 0.04375
4 0.41796875 0.2671875 0.03515625 0.040625
4 0.63515625 0.55859375 0.03984375 0.046875
4 0.57265625 0.46484375 0.025 0.03359375
4 0.75703125 0.6796875 0.01875 0.02734375
4 0.3875 0.30234375 0.03203125 0.03125
4 0.45234375 0.409375 0.05234375 0.053125
4 0.5296875 0.1875 0.040625 0.03515625
4 0.7578125 0.7140625 0.0359375 0.04921875
4 0.67109375 0.690625 0.03515625 0.0625
4 0.42421875 0.6890625 0.0265625 0.03359375
4 0.4203125 0.5796875 0.02734375 0.04140625
4 0.4703125 0.75078125 0.02890625 0.0359375
4 0.72890625 0.546875 0.02421875 0.0375
4 0.56328125 0.48125 0.02890625 0.04140625
4 0.78125 0.621875 0.0265625 0.03515625
4 0.45859375 0.67421875 0.02890625 0.0375
4 0.4546875 0.7296875 0.02734375 0.034375
4 0.38359375 0.5609375 0.0234375 0.0359375
4 0.5515625 0.56640625 0.025 0.034375
4 0.7625 0.78828125 0.028125 0.03984375
4 0.803125 0.6421875 0.02734375 0.03359375
4 0.54609375 0.6625 0.0296875 0.0359375
4 0.7 0.76171875 0.02734375 0.03828125
4 0.328125 0.58359375 0.025 0.03671875
4 0.5203125 0.6328125 0.02578125 0.0328125
4 0.60234375 0.6828125 0.02890625 0.03515625
4 0.67109375 0.65625 0.02421875 0.0328125
4 0.75859375 0.50625 0.04140625 0.0421875
4 0.6359375 0.7234375 0.02890625 0.03984375
4 0.7953125 0.71328125 0.02578125 0.0359375
4 0.434375 0.7453125 0.0265625 0.03359375
4 0.4828125 0.553125 0.02578125 0.0359375
4 0.44375 0.6984375 0.028125 0.03515625
4 0.7765625 0.559375 0.0265625 0.034375
4 0.73359375 0.71015625 0.02578125 0.03203125
4 0.81171875 0.4015625 0.034375 0.040625
4 0.453125 0.65234375 0.03046875 0.03359375
4 0.6453125 0.35703125 0.03125 0.0359375
4 0.74921875 0.5546875 0.02421875 0.03671875
4 0.4125 0.6546875 0.0359375 0.0421875
4 0.4390625 0.63125 0.0234375 0.03203125
4 0.67890625 0.78515625 0.02578125 0.0359375
4 0.79921875 0.36015625 0.02578125 0.03515625
4 0.4359375 0.55 0.025 0.03359375
4 0.5640625 0.61953125 0.02890625 0.034375
4 0.45703125 0.55 0.02421875 0.034375
4 0.56796875 0.578125 0.0265625 0.0359375
4 0.75859375 0.6296875 0.0234375 0.03125
4 0.53203125 0.22265625 0.02578125 0.034375
4 0.7984375 0.58828125 0.02578125 0.03359375
4 0.753125 0.3671875 0.025 0.034375
4 0.5921875 0.56015625 0.02734375 0.03515625
4 0.6265625 0.2734375 0.0265625 0.0328125
4 0.5375 0.48515625 0.02265625 0.03046875
4 0.36171875 0.42578125 0.02890625 0.02890625
4 0.60234375 0.715625 0.0265625 0.03125
4 0.4703125 0.240625 0.02578125 0.03125
4 0.50625 0.3 0.02734375 0.03125
4 0.5828125 0.24296875 0.02578125 0.03359375
4 0.5859375 0.2984375 0.025 0.03203125
4 0.646875 0.765625 0.02734375 0.03359375
4 0.659375 0.3140625 0.0265625 0.03125
4 0.725 0.31875 0.02578125 0.0359375
4 0.5859375 0.665625 0.02421875 0.03046875
4 0.6421875 0.61796875 0.02109375 0.03125
4 0.7828125 0.34140625 0.025 0.03203125
4 0.3625 0.6203125 0.02734375 0.0296875
4 0.74921875 0.7484375 0.02265625 0.03125
4 0.69140625 0.3234375 0.040625 0.046875
4 0.46875 0.37890625 0.02578125 0.0296875
4 0.5984375 0.61875 0.02421875 0.03046875
4 0.425 0.31953125 0.0265625 0.0296875
4 0.5921875 0.440625 0.03671875 0.0375
4 0.73828125 0.3515625 0.02578125 0.0328125
4 0.51484375 0.4265625 0.02734375 0.03203125
4 0.6171875 0.6953125 0.025 0.0328125
4 0.496875 0.57421875 0.025 0.03203125
4 0.71953125 0.271875 0.028125 0.03125
4 0.6765625 0.5609375 0.02265625 0.03203125
4 0.39921875 0.4890625 0.021875 0.03125
4 0.65703125 0.5875 0.02265625 0.03359375
4 0.840625 0.69375 0.02734375 0.03671875
4 0.45078125 0.48828125 0.02734375 0.03203125
4 0.56171875 0.3421875 0.0265625 0.03203125
4 0.4265625 0.47890625 0.0359375 0.03984375
4 0.72734375 0.4203125 0.0265625 0.034375
4 0.759375 0.4640625 0.0625 0.06796875
4 0.7375 0.77890625 0.02421875 0.03515625
4 0.52734375 0.7515625 0.028125 0.03359375
4 0.484375 0.71875 0.025 0.028125
4 0.646875 0.5140625 0.02421875 0.03125
4 0.54453125 0.415625 0.03203125 0.0515625
4 0.6046875 0.34453125 0.0328125 0.05625
4 0.88828125 0.56015625 0.02421875 0.03203125
4 0.4203125 0.33203125 0.06328125 0.06953125
4 0.7546875 0.8359375 0.021875 0.028125
4 0.6453125 0.83984375 0.0296875 0.0359375
4 0.6203125 0.82265625 0.028125 0.0296875
4 0.6625 0.8578125 0.02421875 0.0265625
4 0.58046875 0.82421875 0.0421875 0.05078125
4 0.85078125 0.425 0.0703125 0.13828125
4 0.4859375 0.7671875 0.021875 0.03359375
5 0.13671875 0.515625 0.0453125 0.04296875
5 0.0796875 0.6046875 0.040625 0.05078125
5 0.0984375 0.57109375 0.0375 0.04765625
5 0.18046875 0.37109375 0.03671875 0.04921875
5 0.13671875 0.465625 0.03828125 0.046875
5 0.153125 0.4234375 0.03671875 0.0484375
5 0.07421875 0.496875 0.0390625 0.046875
5 0.06328125 0.5390625 0.0390625 0.0484375
5 0.05 0.57734375 0.0359375 0.04609375
5 0.01953125 0.55 0.03515625 0.04921875
5 0.096875 0.453125 0.0375 0.04375
5 0.01796875 0.64921875 0.034375 0.04921875
5 0.01796875 0.59609375 0.03359375 0.05
5 0.04609375 0.6203125 0.03203125 0.04296875
5 0.12265625 0.36953125 0.03515625 0.04453125
5 0.16484375 0.27421875 0.03671875 0.04375
5 0.0515625 0.38828125 0.034375 0.04609375
5 0.18125 0.2421875 0.0359375 0.046875
5 0.06796875 0.346875 0.0375 0.0453125
5 0.0796875 0.41796875 0.03515625 0.04296875
5 0.1171875 0.41640625 0.03671875 0.046875
5 0.175 0.04765625 0.03359375 0.04140625
5 0.03984375 0.51015625 0.03359375 0.04765625
5 0.134375 0.315625 0.0375 0.0453125
5 0.10703125 0.28828125 0.0375 0.046875
5 0.028125 0.35390625 0.0328125 0.046875
5 0.16875 0.3140625 0.0328125 0.04296875
5 0.01796875 0.3984375 0.03125 0.0453125
5 0.0484375 0.31484375 0.03671875 0.04609375
5 0.09609375 0.24609375 0.0359375 0.04453125
5 0.02890625 0.46875 0.03359375 0.04609375
5 0.0609375 0.4609375 0.0359375 0.04375
5 0.1078125 0.4890625 0.03125 0.0390625
5 0.05625 0.24921875 0.03515625 0.04609375
5 0.1046875 0.0859375 0.0328125 0.04296875
5 0.14765625 0.3453125 0.03125 0.03828125
5 0.15390625 0.1859375 0.03671875 0.03984375
5 0.078125 0.2125 0.03671875 0.0453125
5 0.08984375 0.053125 0.0359375 0.04296875
5 0.040625 0.21484375 0.034375 0.04296875
5 0.11953125 0.2109375 0.03671875 0.04375
5 0.15234375 0.22421875 0.0328125 0.0421875
5 0.01328125 0.31796875 0.0265625 0.04140625
5 0.034375 0.1765625 0.03359375 0.0421875
5 0.13984375 0.028125 0.0359375 0.0421875
5 0.06875 0.084375 0.034375 0.04453125
5 0.06875 0.1734375 0.03359375 0.04375
5 0.17421875 0.1609375 0.0375 0.040625
5 0.040625 0.10625 0.0375 0.0484375
5 0.13046875 0.134375 0.03203125 0.046875
5 0.02578125 0.0234375 0.03515625 0.0421875
5 0.04375 0.05625 0.03203125 0.04140625
5 0.06328125 0.025 0.03125 0.0390625
5 0.10078125 0.0171875 0.0359375 0.03359375
5 0.07890625 0.12265625 0.03125 0.03828125
5 0.0078125 0.6859375 0.015625 0.040625
5 0.0109375 0.05703125 0.021875 0.03984375
5 0.2125 0.16953125 0.0328125 0.03046875
5 0.1734375 0.01796875 0.03203125 0.0328125