4 0.4 0.40703125 0.025 0.0453125
4 0.57421875 0.26484375 0.0359375 0.0421875
4 0.3671875 0.56328125 0.0421875 0.0484375
4 0.42578125 0.4671875 0.0265625 0.034375
4 0.24921875 0.68828125 0.0203125 0.028125
4 0.60546875 0.2984375 0.0328125 0.0328125
4 0.54453125 0.4078125 0.0546875 0.0546875
4 0.459375 0.1890625 0.0421875 0.0359375
4 0.25 0.72265625 0.0375 0.05
4 0.3359375 0.69609375 0.0375 0.0640625
4 0.58203125 0.6859375 0.028125 0.034375
4 0.58203125 0.5765625 0.028125 0.0421875
4 0.53828125 0.74921875 0.0296875 0.0375
4 0.27265625 0.5546875 0.025 0.0390625
4 0.4359375 0.48359375 0.0296875 0.0421875
4 0.2234375 0.63125 0.028125 0.0359375
4 0.54765625 0.67265625 0.0296875 0.0390625
4 0.553125 0.728125 0.028125 0.0359375
4 0.61875 0.55703125 0.025 0.0375
4 0.45078125 0.56796875 0.0265625 0.0359375
4 0.24765625 0.79765625 0.0296875 0.040625
4 0.20234375 0.65234375 0.028125 0.034375
4 0.459375 0.6640625 0.03125 0.0375
4 0.309375 0.76875 0.028125 0.0390625
4 0.675 0.57734375 0.0265625 0.0375
4 0.484375 0.63359375 0.0265625 0.034375
4 0.40390625 0.6859375 0.0296875 0.0359375
4 0.334375 0.6625 0.025 0.034375
4 0.24140625 0.515625 0.0421875 0.04375
4 0.371875 0.728125 0.0296875 0.040625
4 0.2125 0.7234375 0.0265625 0.0375
4 0.57421875 0.74296875 0.028125 0.034375
4 0.51875 0.55234375 0.0265625 0.0375
4 0.56328125 0.69609375 0.0296875 0.0359375
4 0.22578125 0.56875 0.028125 0.0359375
4 0.27421875 0.71796875 0.0265625 0.0328125
4 0.18515625 0.4125 0.0359375 0.0421875
4 0.55234375 0.65078125 0.03125 0.034375
4 0.35 0.3625 0.0328125 0.0375
4 0.253125 0.56328125 0.025 0.0375
4 0.59296875 0.6515625 0.0375 0.04375
4 0.565625 0.62890625 0.025 0.0328125
4 0.33125 0.79140625 0.0265625 0.0375
4 0.19609375 0.3703125 0.0265625 0.0359375
4 0.565625 0.54765625 0.0265625 0.034375
4 0.43984375 0.621875 0.0296875 0.0359375
4 0.54453125 0.5484375 0.025 0.0359375
4 0.43515625 0.58046875 0.028125 0.0375
4 0.24609375 0.63828125 0.025 0.0328125
4 0.45859375 0.22421875 0.0265625 0.0359375
4 0.2046875 0.5984375 0.0265625 0.034375
4 0.2421875 0.37578125 0.0265625 0.0359375
4 0.41015625 0.56328125 0.028125 0.0359375
4 0.365625 0.278125 0.028125 0.034375
4 0.46171875 0.48671875 0.0234375 0.03125
4 0.6359375 0.42109375 0.0296875 0.0296875
4 0.40546875 0.71875 0.028125 0.0328125
4 0.5203125 0.23984375 0.0265625 0.0328125
4 0.48671875 0.3 0.028125 0.0328125
4 0.40859375 0.24609375 0.0265625 0.034375
4 0.40703125 0.3015625 0.0265625 0.0328125
4 0.3625 0.7703125 0.028125 0.034375
4 0.334375 0.31953125 0.028125 0.0328125
4 0.26875 0.3265625 0.0265625 0.0375
4 0.41953125 0.66875 0.025 0.03125
4 0.36171875 0.62265625 0.021875 0.03125
4 0.21171875 0.3515625 0.0265625 0.0328125
4 0.64140625 0.615625 0.028125 0.03125
4 0.259375 0.75703125 0.0234375 0.03125
4 0.30234375 0.33046875 0.0421875 0.0484375
4 0.52734375 0.378125 0.0265625 0.03125
4 0.40546875 0.621875 0.025 0.03125
4 0.56875 0.3171875 0.028125 0.03125
4 0.40546875 0.44375 0.0375 0.0390625
4 0.25703125 0.36015625 0.0265625 0.034375
4 0.4828125 0.42734375 0.028125 0.0328125
4 0.38984375 0.69921875 0.0265625 0.034375
4 0.50546875 0.57421875 0.0265625 0.0328125
4 0.27265625 0.2796875 0.0296875 0.0328125
4 0.32578125 0.5671875 0.0234375 0.0328125
4 0.6 0.4859375 0.0234375 0.03125
4 0.34609375 0.59296875 0.0234375 0.034375
4 0.16640625 0.70546875 0.028125 0.0375
4 0.5484375 0.48671875 0.028125 0.0328125
4 0.4328125 0.34453125 0.028125 0.0328125
4 0.57265625 0.4765625 0.0375 0.040625
4 0.2703125 0.428125 0.028125 0.0359375
4 0.23984375 0.4734375 0.0640625 0.0703125
4 0.27265625 0.78671875 0.025 0.0359375
4 0.48125 0.75234375 0.0296875 0.034375
4 0.5234375 0.71796875 0.0265625 0.0296875
4 0.35390625 0.51953125 0.025 0.0328125
4 0.45234375 0.4171875 0.034375 0.053125
4 0.38984375 0.3484375 0.034375 0.0578125
4 0.1140625 0.5734375 0.025 0.0328125
4 0.5734375 0.3296875 0.065625 0.071875
4 0.25703125 0.84453125 0.0234375 0.028125
4 0.36640625 0.84453125 0.03125 0.0375
4 0.39140625 0.8265625 0.0296875 0.03125
4 0.35 0.86328125 0.025 0.028125
4 0.43125 0.8265625 0.04375 0.0515625
4 0.146875 0.4375 0.075 0.140625
4 0.5234375 0.76640625 0.0234375 0.034375
5 0.86328125 0.503125 0.046875 0.04375
5 0.9234375 0.58984375 0.0421875 0.0515625
5 0.90390625 0.55703125 0.0390625 0.0484375
5 0.81484375 0.36015625 0.0390625 0.05
5 0.86171875 0.453125 0.040625 0.0484375
5 0.84375 0.41171875 0.0390625 0.05
5 0.92578125 0.48203125 0.040625 0.0484375
5 0.9375 0.5234375 0.040625 0.05
5 0.95234375 0.56171875 0.0375 0.046875
5 0.98125 0.5328125 0.0375 0.05
5 0.9015625 0.4390625 0.0390625 0.0453125
5 0.984375 0.63125 0.03125 0.05
5 0.98359375 0.57890625 0.0328125 0.0515625
5 0.9578125 0.6046875 0.0328125 0.04375
5 0.87265625 0.35625 0.0359375 0.0453125
5 0.82734375 0.2625 0.0375 0.0453125
5 0.94453125 0.37265625 0.0359375 0.046875
5 0.809375 0.23125 0.0375 0.0484375
5 0.9265625 0.33203125 0.0390625 0.046875
5 0.9171875 0.403125 0.0359375 0.04375
5 0.8796875 0.403125 0.0390625 0.0484375
5 0.809375 0.03671875 0.034375 0.0421875
5 0.96015625 0.49375 0.0359375 0.0484375
5 0.85859375 0.303125 0.0390625 0.046875
5 0.88515625 0.275 0.0390625 0.0484375
5 0.96640625 0.3375 0.034375 0.0484375
5 0.82421875 0.30234375 0.034375 0.04375
5 0.978125 0.38203125 0.0328125 0.046875
5 0.94453125 0.29921875 0.0390625 0.046875
5 0.89453125 0.23203125 0.0375 0.0453125
5 0.96953125 0.45234375 0.0359375 0.046875
5 0.9375 0.4453125 0.0375 0.0453125
5 0.89140625 0.475 0.0328125 0.040625
5 0.934375 0.23359375 0.0375 0.046875
5 0.88046875 0.07265625 0.034375 0.04375
5 0.846875 0.3328125 0.0328125 0.0390625
5 0.83515625 0.17421875 0.0375 0.040625
5 0.91171875 0.19765625 0.0375 0.046875
5 0.89453125 0.0390625 0.0375 0.04375
5 0.94921875 0.19921875 0.0359375 0.04375
5 0.8703125 0.19765625 0.0375 0.0453125
5 0.8375 0.2125 0.034375 0.04375
5 0.9796875 0.30078125 0.028125 0.0421875
5 0.95390625 0.16015625 0.034375 0.04375
5 0.84375 0.01875 0.0375 0.0375
5 0.91640625 0.06953125 0.0359375 0.0453125
5 0.91953125 0.15859375 0.034375 0.0453125
5 0.8140625 0.15 0.0390625 0.0421875
5 0.9453125 0.090625 0.0390625 0.05
5 0.85625 0.121875 0.034375 0.0484375
5 0.95703125 0.0140625 0.0359375 0.028125
5 0.940625 0.040625 0.0328125 0.0421875
5 0.91953125 0.01484375 0.0328125 0.0296875
5 0.88125 0.01015625 0.0375 0.0203125
5 0.9078125 0.1078125 0.0328125 0.0390625
5 0.99453125 0.66875 0.0109375 0.040625
5 0.9734375 0.03984375 0.0234375 0.040625
5 0.77578125 0.159375 0.034375 0.03125
5 0.80859375 0.01171875 0.0328125 0.0234375