4 0.3828125 0.43046875 0.034375 0.0484375
4 0.5234375 0.25390625 0.04375 0.0484375
4 0.3828125 0.58984375 0.05 0.0546875
4 0.42109375 0.48359375 0.0328125 0.0390625
4 0.29375 0.73671875 0.025 0.03125
4 0.56171875 0.28125 0.0390625 0.0375
4 0.52421875 0.40078125 0.0640625 0.0640625
4 0.3953125 0.20390625 0.0484375 0.04375
4 0.3015625 0.7703125 0.046875 0.05625
4 0.38046875 0.7265625 0.05 0.06875
4 0.61953125 0.66484375 0.034375 0.0390625
4 0.596875 0.5578125 0.0359375 0.046875
4 0.58984375 0.7359375 0.0375 0.0421875
4 0.2890625 0.60078125 0.0328125 0.0421875
4 0.434375 0.496875 0.0375 0.046875
4 0.25625 0.6859375 0.034375 0.040625
4 0.58203125 0.659375 0.0375 0.04375
4 0.59921875 0.71171875 0.034375 0.040625
4 0.62734375 0.53125 0.03125 0.040625
4 0.46640625 0.5765625 0.0328125 0.0390625
4 0.31484375 0.84296875 0.0375 0.0453125
4 0.240625 0.7109375 0.034375 0.0390625
4 0.49453125 0.66875 0.0375 0.0421875
4 0.36953125 0.80234375 0.0359375 0.04375
4 0.68671875 0.53984375 0.0328125 0.0421875
4 0.5125 0.63359375 0.0328125 0.0375
4 0.4453125 0.70234375 0.0359375 0.040625
4 0.371875 0.69296875 0.03125 0.0375
4 0.25078125 0.56875 0.05 0.0515625
4 0.421875 0.75 0.0375 0.0453125
4 0.26484375 0.778125 0.034375 0.040625
4 0.62265625 0.721875 0.034375 0.0390625
4 0.5296875 0.54765625 0.034375 0.040625
4 0.60234375 0.67890625 0.0359375 0.040625
4 0.24609375 0.62421875 0.034375 0.0390625
4 0.32421875 0.76015625 0.0328125 0.0375
4 0.1734375 0.4796875 0.04375 0.0484375
4 0.58203125 0.63671875 0.0375 0.040625
4 0.32421875 0.39609375 0.0390625 0.0421875
4 0.27109375 0.61328125 0.0328125 0.0421875
4 0.62265625 0.62890625 0.0453125 0.05
4 0.590625 0.6125 0.03125 0.0375
4 0.3953125 0.8203125 0.034375 0.040625
4 0.17578125 0.43671875 0.0328125 0.040625
4 0.57421875 0.5328125 0.0328125 0.0390625
4 0.46640625 0.63125 0.0359375 0.040625
4 0.55390625 0.53828125 0.03125 0.0390625
4 0.453125 0.5921875 0.034375 0.040625
4 0.28046875 0.68828125 0.0296875 0.0359375
4 0.4015625 0.23828125 0.0328125 0.0390625
4 0.23203125 0.6578125 0.0328125 0.0390625
4 0.221875 0.43203125 0.0328125 0.0390625
4 0.425 0.58046875 0.034375 0.040625
4 0.32265625 0.3109375 0.034375 0.0375
4 0.46015625 0.49453125 0.0296875 0.034375
4 0.61640625 0.39453125 0.034375 0.034375
4 0.453125 0.73359375 0.0328125 0.0375
4 0.46640625 0.24140625 0.0328125 0.0359375
4 0.4453125 0.3078125 0.034375 0.0375
4 0.3578125 0.2703125 0.0328125 0.0390625
4 0.36796875 0.325 0.03125 0.0375
4 0.421875 0.79296875 0.034375 0.0390625
4 0.3 0.3578125 0.0328125 0.0375
4 0.2375 0.37890625 0.034375 0.040625
4 0.45703125 0.68125 0.03125 0.0359375
4 0.390625 0.64921875 0.028125 0.0359375
4 0.1875 0.41484375 0.03125 0.0375
4 0.6625 0.58359375 0.034375 0.0359375
4 0.31796875 0.8015625 0.0296875 0.0359375
4 0.271875 0.375 0.05 0.0546875
4 0.50078125 0.375 0.0328125 0.034375
4 0.43359375 0.6390625 0.03125 0.0359375
4 0.52890625 0.30703125 0.0328125 0.0359375
4 0.39609375 0.46484375 0.0453125 0.0453125
4 0.2328125 0.41328125 0.0328125 0.0375
4 0.46796875 0.43203125 0.034375 0.0375
4 0.43359375 0.71796875 0.0328125 0.0375
4 0.52109375 0.57109375 0.03125 0.0375
4 0.23203125 0.33203125 0.034375 0.0375
4 0.34375 0.6015625 0.0296875 0.0359375
4 0.5953125 0.46484375 0.028125 0.0359375
4 0.36875 0.62265625 0.0296875 0.0375
4 0.21640625 0.7703125 0.0359375 0.0421875
4 0.54453125 0.4765625 0.034375 0.0375
4 0.4015625 0.36171875 0.0328125 0.0375
4 0.56640625 0.46171875 0.04375 0.046875
4 0.26015625 0.47734375 0.034375 0.0390625
4 0.23984375 0.528125 0.0765625 0.08125
4 0.33671875 0.828125 0.03125 0.040625
4 0.534375 0.75078125 0.0359375 0.0390625
4 0.56796875 0.70859375 0.03125 0.0328125
4 0.3609375 0.54921875 0.03125 0.0359375
4 0.43671875 0.42890625 0.04375 0.0578125
4 0.3609375 0.37421875 0.0453125 0.0625
4 0.1375 0.65234375 0.03125 0.0375
4 0.53671875 0.31796875 0.078125 0.0828125
4 0.334375 0.8875 0.028125 0.0328125
4 0.44140625 0.86484375 0.0375 0.0421875
4 0.4609375 0.8421875 0.034375 0.0359375
4 0.42890625 0.88671875 0.0296875 0.03125
4 0.5 0.834375 0.053125 0.059375
4 0.14140625 0.51171875 0.1015625 0.1515625
4 0.578125 0.75546875 0.0296875 0.0375
5 0.85625 0.42734375 0.0546875 0.053125
5 0.9328125 0.5 0.0515625 0.059375
5 0.90703125 0.471875 0.0484375 0.0546875
5 0.77890625 0.29765625 0.046875 0.05625
5 0.84453125 0.37890625 0.0484375 0.0546875
5 0.81796875 0.34140625 0.046875 0.05625
5 0.9125 0.39375 0.05 0.0546875
5 0.9328125 0.43203125 0.05 0.05625
5 0.95546875 0.46640625 0.0453125 0.053125
5 0.97734375 0.43125 0.0453125 0.05625
5 0.8796875 0.35703125 0.046875 0.0515625
5 0.990625 0.528125 0.01875 0.05625
5 0.98359375 0.4765625 0.0328125 0.05625
5 0.96953125 0.50703125 0.0421875 0.05
5 0.834375 0.28203125 0.0453125 0.0515625
5 0.7703125 0.2 0.046875 0.0515625
5 0.9078125 0.2828125 0.04375 0.053125
5 0.746875 0.17265625 0.046875 0.0546875
5 0.88203125 0.246875 0.046875 0.053125
5 0.88828125 0.31875 0.04375 0.05
5 0.8515625 0.3265625 0.046875 0.0546875
5 0.94921875 0.3984375 0.04375 0.0546875
5 0.81015625 0.2328125 0.046875 0.053125
5 0.8296875 0.19921875 0.0484375 0.0546875
5 0.92265625 0.24375 0.04375 0.053125
5 0.7765625 0.2390625 0.0421875 0.05
5 0.94296875 0.28515625 0.040625 0.0515625
5 0.89296875 0.2109375 0.046875 0.053125
5 0.83046875 0.15625 0.0453125 0.0515625
5 0.94921875 0.35546875 0.04375 0.053125
5 0.91640625 0.35625 0.0453125 0.0515625
5 0.878125 0.39453125 0.0390625 0.0453125
5 0.86953125 0.14921875 0.0453125 0.053125
5 0.78359375 0.01328125 0.0421875 0.0265625
5 0.8046875 0.26484375 0.0390625 0.0453125
5 0.76015625 0.11171875 0.0453125 0.046875
5 0.83984375 0.11875 0.046875 0.053125
5 0.8765625 0.1125 0.04375 0.05
5 0.79921875 0.12734375 0.046875 0.0515625
5 0.7703125 0.1484375 0.0421875 0.0484375
5 0.928125 0.20546875 0.0359375 0.046875
5 0.8734375 0.0734375 0.0421875 0.0484375
5 0.8171875 0.00859375 0.04375 0.0171875
5 0.8390625 0.07890625 0.04375 0.05
5 0.734375 0.0921875 0.046875 0.0484375
5 0.85078125 0.0171875 0.0484375 0.034375
5 0.7703125 0.05546875 0.0421875 0.053125
5 0.8171875 0.03203125 0.0390625 0.0453125
5 0.69921875 0.11015625 0.0390625 0.0375