4 0.40546875 0.446875 0.0203125 0.0234375
4 0.42265625 0.46875 0.0265625 0.0296875
4 0.5 0.45625 0.021875 0.0234375
4 0.51328125 0.475 0.0296875 0.025
4 0.54921875 0.51640625 0.0234375 0.0296875
4 0.4515625 0.5921875 0.0328125 0.0390625
4 0.57890625 0.603125 0.0171875 0.0125
4 0.47890625 0.39765625 0.0203125 0.0171875
4 0.4921875 0.440625 0.025 0.025
4 0.48828125 0.596875 0.0296875 0.0203125
4 0.4359375 0.55625 0.021875 0.0265625
4 0.4734375 0.446875 0.025 0.0171875
4 0.61875 0.6203125 0.028125 0.0265625
4 0.41640625 0.49609375 0.0171875 0.028125
4 0.4171875 0.5421875 0.015625 0.0234375
4 0.45546875 0.56953125 0.0203125 0.0140625
4 0.46328125 0.584375 0.0171875 0.0171875
4 0.38671875 0.5265625 0.021875 0.0234375
4 0.415625 0.35703125 0.025 0.034375
4 0.38984375 0.584375 0.034375 0.0359375