4 0.40234375 0.45390625 0.01953125 0.021875
4 0.4203125 0.47421875 0.02421875 0.02734375
4 0.496875 0.45625 0.02109375 0.02265625
4 0.51171875 0.47421875 0.028125 0.0234375
4 0.55 0.51328125 0.02109375 0.028125
4 0.4578125 0.5953125 0.03046875 0.03671875
4 0.5859375 0.59765625 0.0171875 0.01171875
4 0.471875 0.39921875 0.01953125 0.01640625
4 0.48828125 0.44140625 0.0234375 0.02265625
4 0.4953125 0.59765625 0.02890625 0.01875
4 0.43984375 0.5609375 0.01953125 0.02578125
4 0.46953125 0.44921875 0.0234375 0.015625
4 0.6265625 0.61171875 0.02578125 0.025
4 0.41640625 0.5015625 0.01484375 0.02734375
4 0.4203125 0.54765625 0.01484375 0.021875
4 0.46015625 0.57265625 0.01875 0.0125
4 0.46953125 0.58671875 0.015625 0.01640625
4 0.3890625 0.534375 0.02109375 0.021875
4 0.40546875 0.36328125 0.0234375 0.03359375
4 0.39609375 0.5921875 0.03203125 0.034375