4 0.6015625 0.4640625 0.021875 0.0234375
4 0.58203125 0.4828125 0.0265625 0.0296875
4 0.5078125 0.45703125 0.0234375 0.025
4 0.49140625 0.4734375 0.0296875 0.0265625
4 0.44921875 0.5078125 0.0234375 0.0296875
4 0.53203125 0.59921875 0.034375 0.0390625
4 0.4046875 0.58828125 0.01875 0.0140625
4 0.53828125 0.40234375 0.021875 0.01875
4 0.51796875 0.44296875 0.025 0.025
4 0.49453125 0.59765625 0.03125 0.021875
4 0.553125 0.5671875 0.021875 0.028125
4 0.5359375 0.45234375 0.025 0.01875
4 0.3625 0.59765625 0.028125 0.028125
4 0.5828125 0.51015625 0.0171875 0.028125
4 0.57421875 0.55546875 0.0171875 0.0234375
4 0.53203125 0.5765625 0.0203125 0.0140625
4 0.52109375 0.5890625 0.0171875 0.0171875
4 0.60703125 0.54609375 0.0234375 0.0234375
4 0.60859375 0.37421875 0.0265625 0.0359375
4 0.59375 0.60234375 0.0359375 0.0375