5 0.34375 0.60234375 0.11953125 0.16796875
5 0.5875 0.6953125 0.0890625 0.13671875
5 0.32734375 0.4296875 0.09609375 0.1453125
5 0.6140625 0.32734375 0.07890625 0.10390625
5 0.73125 0.634375 0.0546875 0.0515625
5 0.56484375 0.58046875 0.134375 0.15625
5 0.44140625 0.62578125 0.05703125 0.0625
5 0.6671875 0.43359375 0.10390625 0.16484375
5 0.50234375 0.346875 0.06484375 0.075
0 0.7765625 0.04296875 0.075 0.0578125
5 0.37265625 0.72734375 0.06328125 0.07578125
5 0.4234375 0.6875 0.0859375 0.10625
5 0.46171875 0.72734375 0.11953125 0.12890625
5 0.2828125 0.54375 0.0609375 0.090625
0 0.59296875 0.1484375 0.18359375 0.11328125
5 0.4921875 0.4546875 0.1828125 0.23046875
5 0.40703125 0.42734375 0.10546875 0.2046875
5 0.25546875 0.61015625 0.0734375 0.09296875
5 0.6390625 0.7328125 0.10625 0.06328125