5 0.37109375 0.63515625 0.1546875 0.190625
5 0.62890625 0.6703125 0.1171875 0.153125
5 0.315625 0.4703125 0.1265625 0.1625
5 0.57265625 0.30625 0.1 0.11875
5 0.75546875 0.57890625 0.065625 0.0625
5 0.58125 0.5640625 0.165625 0.1828125
5 0.47109375 0.6359375 0.0703125 0.0734375
5 0.64765625 0.39765625 0.1390625 0.184375
5 0.46796875 0.35 0.0796875 0.0875
0 0.66640625 0.0140625 0.0859375 0.028125
5 0.42734375 0.75 0.078125 0.0875
5 0.4671875 0.7 0.1078125 0.1234375
5 0.5140625 0.73046875 0.1453125 0.153125
5 0.2984375 0.59140625 0.0796875 0.1015625
0 0.51171875 0.13671875 0.2046875 0.1515625
5 0.48203125 0.4578125 0.2296875 0.265625
5 0.39296875 0.45 0.1484375 0.2234375
5 0.28671875 0.6625 0.0921875 0.1078125
5 0.6875 0.6953125 0.1171875 0.0859375