5 0.675 0.56484375 0.1546875 0.190625
5 0.45859375 0.71015625 0.1171875 0.153125
5 0.65234375 0.39296875 0.1265625 0.1625
5 0.35 0.3578125 0.1 0.11875
5 0.3046875 0.6828125 0.065625 0.0625
5 0.4546875 0.59296875 0.165625 0.1828125
5 0.58515625 0.609375 0.0703125 0.0734375
5 0.321875 0.47265625 0.1390625 0.184375
5 0.46328125 0.3515625 0.0796875 0.0875
0 0.12734375 0.1171875 0.0859375 0.0734375
5 0.675 0.69296875 0.078125 0.0875
5 0.61640625 0.665625 0.1078125 0.1234375
5 0.58828125 0.71328125 0.1453125 0.153125
5 0.72109375 0.49375 0.0796875 0.1015625
0 0.33046875 0.178125 0.2046875 0.1515625
5 0.49765625 0.45390625 0.2296875 0.265625
5 0.57421875 0.40859375 0.1484375 0.2234375
5 0.76328125 0.55234375 0.0921875 0.1078125
5 0.4171875 0.7578125 0.1171875 0.0859375