3 0.7265625 0.36328125 0.1375 0.240625
3 0.484375 0.32109375 0.184375 0.1625
3 0.7390625 0.58984375 0.121875 0.2421875
3 0.62109375 0.27421875 0.103125 0.2703125
3 0.59765625 0.4671875 0.1 0.15
3 0.5140625 0.53203125 0.115625 0.2671875
3 0.446875 0.50546875 0.075 0.2390625
3 0.59296875 0.61640625 0.0734375 0.0765625
3 0.50703125 0.45625 0.0796875 0.109375
3 0.65546875 0.590625 0.059375 0.0953125
3 0.6359375 0.20078125 0.065625 0.1234375
3 0.77265625 0.57578125 0.05 0.1484375
3 0.759375 0.4203125 0.065625 0.1359375