3 0.27578125 0.359375 0.1328125 0.2390625
3 0.51875 0.32109375 0.18203125 0.15859375
3 0.259375 0.5859375 0.1171875 0.23984375
3 0.3828125 0.271875 0.09921875 0.26796875
3 0.403125 0.465625 0.09765625 0.14765625
3 0.48515625 0.53203125 0.11171875 0.265625
3 0.553125 0.50625 0.07109375 0.2375
3 0.4046875 0.61484375 0.07265625 0.07578125
3 0.49375 0.45625 0.078125 0.10859375
3 0.34296875 0.58828125 0.0578125 0.09453125
3 0.36953125 0.1984375 0.06328125 0.12265625
3 0.22578125 0.57109375 0.04765625 0.146875
3 0.2421875 0.415625 0.06328125 0.134375