3 0.29765625 0.3296875 0.1640625 0.2546875
3 0.54375 0.32578125 0.2015625 0.1828125
3 0.25 0.5515625 0.15 0.253125
3 0.415625 0.2578125 0.1359375 0.2796875
3 0.40859375 0.45234375 0.1171875 0.159375
3 0.48046875 0.5296875 0.146875 0.278125
3 0.5515625 0.51328125 0.103125 0.2453125
3 0.38984375 0.60078125 0.0828125 0.084375
3 0.5 0.45546875 0.0921875 0.11875
3 0.33203125 0.565625 0.0703125 0.1015625
3 0.4125 0.18359375 0.0796875 0.1296875
3 0.21875 0.53203125 0.0671875 0.1515625
3 0.25625 0.38046875 0.08125 0.1421875