4 0.5890625 0.5828125 0.0875 0.0734375
5 0.26875 0.3765625 0.13125 0.14375
4 0.4984375 0.67890625 0.0515625 0.0578125
5 0.22265625 0.47109375 0.1015625 0.1078125
4 0.4625 0.67578125 0.05625 0.078125
4 0.42890625 0.503125 0.0609375 0.0828125
4 0.47890625 0.5203125 0.078125 0.0859375
4 0.546875 0.81796875 0.0484375 0.075
4 0.46484375 0.44921875 0.0828125 0.0625
4 0.4578125 0.2140625 0.0890625 0.0859375
4 0.35 0.775 0.065625 0.0546875
4 0.68046875 0.63515625 0.0578125 0.084375
4 0.40078125 0.29140625 0.0453125 0.0546875
4 0.60546875 0.73828125 0.0515625 0.0328125
4 0.5890625 0.83828125 0.0671875 0.065625
4 0.36015625 0.43359375 0.046875 0.0671875
5 0.81328125 0.47578125 0.0828125 0.090625
4 0.59453125 0.65546875 0.046875 0.071875
4 0.74296875 0.43828125 0.053125 0.04375
4 0.57890625 0.3390625 0.0578125 0.0484375
4 0.4328125 0.39375 0.03125 0.04375
4 0.5546875 0.4453125 0.0609375 0.0546875
4 0.5796875 0.36953125 0.028125 0.03125
5 0.2453125 0.6234375 0.1140625 0.1125
4 0.73515625 0.7140625 0.053125 0.046875
5 0.36796875 0.33359375 0.075 0.05625
4 0.35859375 0.28203125 0.046875 0.0484375
4 0.734375 0.596875 0.046875 0.0546875
5 0.4 0.8234375 0.1046875 0.1140625
4 0.52421875 0.59921875 0.0671875 0.0390625
4 0.3953125 0.54296875 0.06875 0.0640625
5 0.32734375 0.7484375 0.109375 0.0734375
4 0.67421875 0.70625 0.0578125 0.0625
4 0.59453125 0.5015625 0.0609375 0.059375
5 0.73203125 0.67421875 0.0640625 0.071875
5 0.5375 0.25625 0.065625 0.0671875
5 0.3453125 0.5796875 0.1015625 0.1234375
5 0.6859375 0.540625 0.0828125 0.0875
4 0.690625 0.4796875 0.059375 0.0578125
5 0.484375 0.24765625 0.05 0.0578125
5 0.69765625 0.3859375 0.0703125 0.0625
5 0.578125 0.534375 0.109375 0.0890625
4 0.4953125 0.31953125 0.0515625 0.0546875
5 0.5921875 0.703125 0.0859375 0.071875
4 0.6125 0.284375 0.0828125 0.0796875
4 0.4375 0.32734375 0.059375 0.0625
5 0.540625 0.3265625 0.0734375 0.084375
5 0.503125 0.85078125 0.0859375 0.090625
5 0.80859375 0.69375 0.1 0.1140625
5 0.346875 0.703125 0.08125 0.078125
4 0.40703125 0.25 0.053125 0.0453125
5 0.709375 0.646875 0.065625 0.10625
4 0.6171875 0.53046875 0.03125 0.034375
5 0.50390625 0.71875 0.08125 0.071875
5 0.50234375 0.4625 0.0515625 0.06875
5 0.6453125 0.43125 0.0765625 0.0703125
5 0.5046875 0.396875 0.0578125 0.0609375
4 0.36953125 0.503125 0.05625 0.0421875
5 0.7640625 0.6375 0.0671875 0.0578125