4 0.40546875 0.57578125 0.084375 0.06875
5 0.73984375 0.39296875 0.1234375 0.1375
4 0.4890625 0.678125 0.0484375 0.05625
5 0.77890625 0.48984375 0.0953125 0.103125
4 0.525 0.678125 0.0515625 0.0765625
4 0.57109375 0.5078125 0.0578125 0.0796875
4 0.51953125 0.521875 0.0734375 0.08125
4 0.43046875 0.8140625 0.0453125 0.0734375
4 0.5390625 0.4515625 0.0796875 0.059375
4 0.5625 0.21796875 0.0859375 0.08125
4 0.63046875 0.784375 0.0625 0.0515625
4 0.31015625 0.62265625 0.053125 0.0828125
4 0.6140625 0.2984375 0.04375 0.0515625
4 0.378125 0.73046875 0.05 0.03125
4 0.38828125 0.83125 0.0640625 0.0625
4 0.64453125 0.44375 0.0421875 0.065625
5 0.1890625 0.45390625 0.078125 0.0875
4 0.39453125 0.6484375 0.04375 0.0703125
4 0.26171875 0.42109375 0.0515625 0.040625
4 0.43203125 0.33359375 0.0546875 0.0453125
4 0.57421875 0.3984375 0.0296875 0.0421875
4 0.44921875 0.44140625 0.059375 0.0515625
4 0.4296875 0.36484375 0.0265625 0.0296875
5 0.7453125 0.640625 0.1078125 0.10625
4 0.25 0.696875 0.05 0.04375
5 0.64375 0.34296875 0.071875 0.053125
4 0.65625 0.29296875 0.0453125 0.0453125
4 0.259375 0.5796875 0.0453125 0.0515625
5 0.57734375 0.8296875 0.0984375 0.1078125
4 0.46875 0.59765625 0.065625 0.034375
4 0.6015625 0.55078125 0.065625 0.0609375
5 0.6546875 0.759375 0.10625 0.0671875
4 0.31171875 0.69375 0.0546875 0.0609375
4 0.40546875 0.4953125 0.0578125 0.05625
5 0.25625 0.65703125 0.0609375 0.06875
5 0.4796875 0.2546875 0.0625 0.0640625
5 0.64921875 0.590625 0.0953125 0.11875
5 0.31171875 0.528125 0.078125 0.084375
4 0.3109375 0.46640625 0.0578125 0.0546875
5 0.5328125 0.24921875 0.046875 0.05625
5 0.3109375 0.371875 0.0671875 0.059375
5 0.41953125 0.52890625 0.10625 0.0828125
4 0.5171875 0.3203125 0.0484375 0.0515625
5 0.39453125 0.69609375 0.0828125 0.0671875
4 0.40234375 0.27734375 0.078125 0.075
4 0.57421875 0.33203125 0.05625 0.059375
5 0.47109375 0.32421875 0.06875 0.08125
5 0.471875 0.85 0.08125 0.0859375
5 0.17890625 0.671875 0.09375 0.109375
5 0.6390625 0.71328125 0.0765625 0.075
4 0.61015625 0.25703125 0.05 0.0421875
5 0.28046875 0.63125 0.059375 0.1046875
4 0.38046875 0.52265625 0.0296875 0.0328125
5 0.48125 0.71796875 0.078125 0.0671875
5 0.5 0.4625 0.046875 0.065625
5 0.359375 0.42109375 0.0734375 0.065625
5 0.50234375 0.396875 0.0546875 0.059375
4 0.6296875 0.5125 0.0546875 0.0390625
5 0.22734375 0.61875 0.0640625 0.0546875