4 0.396875 0.5640625 0.078125 0.06015625
5 0.75078125 0.42265625 0.109375 0.125
4 0.4671875 0.67578125 0.0421875 0.05078125
5 0.778125 0.52421875 0.08515625 0.09296875
4 0.503125 0.6796875 0.04296875 0.07109375
4 0.56953125 0.51640625 0.0484375 0.07421875
4 0.51640625 0.52421875 0.06484375 0.07421875
4 0.39296875 0.803125 0.03671875 0.06875
4 0.54453125 0.45703125 0.07421875 0.05
4 0.59609375 0.22734375 0.07734375 0.071875
4 0.59453125 0.7984375 0.0578125 0.04453125
4 0.296875 0.5984375 0.04375 0.078125
4 0.6375 0.3140625 0.0375 0.04765625
4 0.35078125 0.7140625 0.046875 0.025
4 0.3484375 0.81484375 0.0578125 0.05546875
4 0.65 0.46171875 0.03515625 0.06171875
5 0.196875 0.41640625 0.06875 0.0796875
4 0.37734375 0.634375 0.03515625 0.06640625
4 0.2734375 0.39296875 0.04765625 0.03515625
4 0.453125 0.3265625 0.05078125 0.03984375
4 0.5859375 0.40859375 0.025 0.0390625
4 0.45703125 0.4359375 0.05390625 0.0453125
4 0.446875 0.35703125 0.0234375 0.0265625
5 0.7265625 0.66953125 0.09765625 0.0953125
4 0.228125 0.66484375 0.04609375 0.03828125
5 0.66171875 0.36171875 0.0671875 0.04453125
4 0.68046875 0.31328125 0.03984375 0.04140625
4 0.2515625 0.55 0.0390625 0.04765625
5 0.53671875 0.83671875 0.0875 0.0984375
4 0.45703125 0.59296875 0.06328125 0.02734375
4 0.59453125 0.5625 0.059375 0.05390625
5 0.621875 0.7765625 0.1 0.05546875
4 0.28984375 0.66953125 0.0484375 0.0546875
4 0.40703125 0.48359375 0.05234375 0.05
5 0.2390625 0.6265625 0.053125 0.06328125
5 0.509375 0.25390625 0.05625 0.05703125
5 0.63671875 0.6078125 0.0828125 0.109375
5 0.309375 0.5046875 0.06953125 0.07578125
4 0.31640625 0.44375 0.0515625 0.04921875
5 0.56328125 0.25546875 0.04140625 0.0515625
5 0.328125 0.35 0.06171875 0.0515625
5 0.41640625 0.51875 0.09765625 0.071875
4 0.5390625 0.3234375 0.04296875 0.046875
5 0.37109375 0.68203125 0.0765625 0.0578125
4 0.43046875 0.2671875 0.07109375 0.0671875
4 0.59453125 0.3421875 0.05078125 0.05390625
5 0.49296875 0.321875 0.06015625 0.07421875
5 0.4296875 0.84375 0.07265625 0.078125
5 0.16015625 0.63125 0.08203125 0.10078125
5 0.61171875 0.72890625 0.06953125 0.06640625
4 0.6390625 0.27265625 0.04609375 0.0375
5 0.26640625 0.60390625 0.04765625 0.09921875
4 0.37890625 0.5078125 0.02578125 0.03046875
5 0.4546875 0.7140625 0.071875 0.059375
5 0.5046875 0.4625 0.03984375 0.06171875
5 0.3703125 0.4046875 0.06640625 0.05859375
5 0.51484375 0.39765625 0.04921875 0.053125
4 0.62734375 0.528125 0.0515625 0.03359375
5 0.21484375 0.584375 0.05859375 0.04765625