5 0.39375 0.53203125 0.1390625 0.16875
5 0.3375 0.609375 0.0875 0.1
5 0.446875 0.69140625 0.090625 0.134375
5 0.59296875 0.40078125 0.1125 0.128125
5 0.59765625 0.2171875 0.1171875 0.1328125
5 0.715625 0.63046875 0.13125 0.134375
5 0.63125 0.66640625 0.1265625 0.171875
5 0.6890625 0.49921875 0.059375 0.0984375
5 0.41875 0.821875 0.1375 0.1390625
5 0.7515625 0.5171875 0.0984375 0.1
5 0.52734375 0.75234375 0.1453125 0.1421875
4 0.85703125 0.39921875 0.034375 0.0484375
5 0.3828125 0.740625 0.0984375 0.1078125
5 0.8640625 0.6796875 0.1390625 0.153125
5 0.74765625 0.759375 0.1140625 0.1265625
4 0.11328125 0.65390625 0.03125 0.0390625
5 0.6296875 0.52734375 0.140625 0.1609375
4 0.53125 0.3328125 0.03125 0.034375
5 0.81171875 0.62265625 0.115625 0.1390625
4 0.315625 0.89375 0.028125 0.0390625
5 0.85546875 0.4765625 0.096875 0.1375
5 0.5 0.3796875 0.109375 0.1484375
5 0.26640625 0.63125 0.1078125 0.1390625
4 0.64609375 0.303125 0.0734375 0.0984375
4 0.4546875 0.36328125 0.021875 0.028125
4 0.2953125 0.88671875 0.0296875 0.040625
4 0.11640625 0.68046875 0.028125 0.0375
5 0.78671875 0.48671875 0.115625 0.153125
5 0.528125 0.49765625 0.0953125 0.1140625
5 0.55703125 0.46875 0.0125 0.0203125
5 0.915625 0.5734375 0.090625 0.1
5 0.3734375 0.65546875 0.0859375 0.0984375
5 0.446875 0.12421875 0.109375 0.1296875
5 0.65 0.39765625 0.0828125 0.1171875
5 0.50703125 0.1421875 0.08125 0.10625
5 0.5140625 0.68359375 0.125 0.1109375
5 0.24296875 0.5140625 0.096875 0.1171875
5 0.4375 0.42734375 0.08125 0.1125
5 0.7140625 0.34765625 0.090625 0.1171875
5 0.5421875 0.55234375 0.103125 0.128125
5 0.72734375 0.421875 0.1375 0.14375
5 0.29140625 0.390625 0.0859375 0.125
5 0.7921875 0.35390625 0.0859375 0.1109375
5 0.603125 0.8359375 0.0953125 0.1046875
5 0.296875 0.4921875 0.075 0.1
5 0.42109375 0.2125 0.06875 0.090625
5 0.765625 0.271875 0.0703125 0.0953125
5 0.56328125 0.1453125 0.09375 0.1015625
5 0.43046875 0.32265625 0.0734375 0.103125
5 0.50390625 0.59609375 0.103125 0.1421875
5 0.42421875 0.53203125 0.0765625 0.1015625
5 0.5109375 0.10859375 0.05625 0.065625
5 0.346875 0.503125 0.1125 0.1265625