5 0.39453125 0.534375 0.140625 0.1703125
5 0.3390625 0.61171875 0.0890625 0.1015625
5 0.45 0.6921875 0.09375 0.1359375
5 0.59140625 0.39921875 0.1140625 0.1296875
5 0.59296875 0.215625 0.11875 0.134375
5 0.71796875 0.6265625 0.1328125 0.1359375
5 0.634375 0.6640625 0.128125 0.1734375
5 0.6890625 0.49609375 0.0609375 0.0984375
5 0.42421875 0.8234375 0.1390625 0.140625
5 0.7515625 0.5125 0.0984375 0.1015625
5 0.53203125 0.7515625 0.146875 0.14375
4 0.85546875 0.39296875 0.0359375 0.0484375
5 0.3875 0.74296875 0.1 0.109375
5 0.8671875 0.6734375 0.140625 0.1546875
5 0.75234375 0.75546875 0.115625 0.128125
4 0.115625 0.66015625 0.0328125 0.0390625
5 0.63046875 0.525 0.1421875 0.1609375
4 0.52890625 0.33203125 0.03125 0.034375
5 0.8140625 0.6171875 0.1171875 0.1390625
4 0.32265625 0.896875 0.028125 0.0390625
5 0.85546875 0.4703125 0.1 0.1375
5 0.49765625 0.38046875 0.1109375 0.1484375
5 0.26875 0.6359375 0.109375 0.140625
4 0.6421875 0.30078125 0.075 0.0984375
4 0.45234375 0.3640625 0.021875 0.028125
4 0.30234375 0.890625 0.0296875 0.040625
4 0.11953125 0.68671875 0.028125 0.0375
5 0.7859375 0.48125 0.1171875 0.1546875
5 0.528125 0.496875 0.096875 0.1140625
5 0.55625 0.46796875 0.0125 0.0203125
5 0.91640625 0.56640625 0.0921875 0.1
5 0.3765625 0.6578125 0.0875 0.0984375
5 0.43984375 0.12578125 0.1109375 0.13125
5 0.6484375 0.39453125 0.084375 0.1171875
5 0.50078125 0.1421875 0.0828125 0.10625
5 0.5171875 0.6828125 0.1265625 0.1125
5 0.24296875 0.51875 0.0984375 0.11875
5 0.4359375 0.428125 0.0828125 0.1125
5 0.71171875 0.34375 0.0921875 0.1171875
5 0.54296875 0.5515625 0.1046875 0.1296875
5 0.7265625 0.4171875 0.1390625 0.14375
5 0.28984375 0.39453125 0.0875 0.125
5 0.78984375 0.34921875 0.0859375 0.1109375
5 0.60859375 0.83359375 0.096875 0.1046875
5 0.296875 0.4953125 0.0765625 0.1015625
5 0.41640625 0.2140625 0.06875 0.090625
5 0.76171875 0.2671875 0.071875 0.096875
5 0.55703125 0.14453125 0.0953125 0.103125
5 0.42734375 0.3234375 0.075 0.1046875
5 0.50546875 0.59609375 0.1046875 0.14375
5 0.425 0.5328125 0.078125 0.1015625
5 0.50390625 0.10859375 0.0578125 0.0671875
5 0.346875 0.50546875 0.1125 0.1265625