5 0.6109375 0.50546875 0.10625 0.14765625
5 0.684375 0.56640625 0.06953125 0.0859375
5 0.59765625 0.67265625 0.06328125 0.1234375
5 0.3859375 0.4265625 0.0890625 0.11015625
5 0.33671875 0.24921875 0.09296875 0.1140625
5 0.32265625 0.67890625 0.10703125 0.1125
5 0.4125 0.69296875 0.09140625 0.1546875
5 0.31640625 0.5453125 0.03828125 0.09140625
5 0.65703125 0.79296875 0.1125 0.11484375
5 0.26015625 0.57734375 0.08046875 0.0828125
5 0.534375 0.7515625 0.12109375 0.115625
4 0.12890625 0.48828125 0.025 0.04375
5 0.671875 0.70546875 0.07890625 0.0921875
5 0.18984375 0.7625 0.11015625 0.13046875
5 0.32265625 0.81171875 0.08984375 0.10859375
4 0.9125 0.55546875 0.02421875 0.03359375
5 0.38046875 0.5578125 0.1109375 0.1375
4 0.42890625 0.3453125 0.02421875 0.02890625
5 0.22734375 0.69453125 0.08984375 0.1203125
4 0.77421875 0.8375 0.0203125 0.03515625
5 0.14921875 0.56328125 0.06953125 0.12421875
5 0.47109375 0.38359375 0.0796875 0.1328125
5 0.75859375 0.57109375 0.0796875 0.1234375
4 0.3109375 0.34453125 0.05390625 0.0875
4 0.5109375 0.35625 0.015625 0.025
4 0.7921875 0.82578125 0.021875 0.0359375
4 0.915625 0.58203125 0.0203125 0.0328125
5 0.21875 0.55625 0.08515625 0.13671875
5 0.471875 0.5046875 0.07421875 0.0984375
5 0.4375 0.48359375 0.0078125 0.01875
5 0.11484375 0.671875 0.07265625 0.084375
5 0.66015625 0.6203125 0.0671875 0.084375
5 0.4609375 0.12265625 0.084375 0.11328125
5 0.3296875 0.43671875 0.05859375 0.10625
5 0.40703125 0.1546875 0.06015625 0.09375
5 0.53046875 0.68125 0.1078125 0.0875
5 0.753125 0.4515625 0.075 0.10234375
5 0.54296875 0.4140625 0.05859375 0.10078125
5 0.25546875 0.40390625 0.06796875 0.10390625
5 0.471875 0.5609375 0.07890625 0.1125
5 0.26015625 0.47890625 0.11171875 0.11953125
5 0.67578125 0.34375 0.059375 0.1140625
5 0.18125 0.42890625 0.06328125 0.0984375
5 0.48125 0.85078125 0.0765625 0.08828125
5 0.6953125 0.44296875 0.05546875 0.08984375
5 0.50703125 0.20234375 0.05 0.08046875
5 0.18671875 0.34296875 0.0515625 0.0859375
5 0.353125 0.17109375 0.07578125 0.0859375
5 0.52421875 0.3109375 0.05234375 0.09375
5 0.51953125 0.59453125 0.0734375 0.12890625
5 0.58125 0.5125 0.05625 0.08984375
5 0.39453125 0.12265625 0.04453125 0.05703125
5 0.64921875 0.465625 0.08828125 0.1078125