4 0.72109375 0.4453125 0.0890625 0.1203125
4 0.35 0.72421875 0.1015625 0.140625
4 0.28046875 0.39375 0.10625 0.1234375
4 0.4328125 0.225 0.0921875 0.115625
4 0.47734375 0.6 0.096875 0.1421875
4 0.5734375 0.7265625 0.0890625 0.1359375
4 0.44921875 0.16328125 0.109375 0.0953125
4 0.33515625 0.525 0.078125 0.1671875
4 0.91171875 0.0703125 0.09375 0.103125
4 0.23828125 0.46484375 0.0625 0.090625
4 0.5203125 0.69765625 0.075 0.10625
4 0.98671875 0.078125 0.0265625 0.10625
4 0.6953125 0.57109375 0.0765625 0.0984375
4 0.50390625 0.2609375 0.0984375 0.1125
4 0.66953125 0.2703125 0.09375 0.1171875
4 0.26953125 0.65703125 0.0796875 0.1015625