4 0.29140625 0.4078125 0.096875 0.125
4 0.60859375 0.746875 0.1109375 0.146875
4 0.73515625 0.43359375 0.1140625 0.1296875
4 0.6140625 0.240625 0.0984375 0.1203125
4 0.5046875 0.60234375 0.10625 0.1484375
4 0.38828125 0.7109375 0.096875 0.140625
4 0.6078125 0.17734375 0.115625 0.103125
4 0.6578125 0.553125 0.0890625 0.1703125
4 0.16875 0.0296875 0.1 0.059375
4 0.7640625 0.5109375 0.06875 0.09375
4 0.44609375 0.690625 0.08125 0.109375
4 0.08046875 0.0265625 0.0578125 0.053125
4 0.2953125 0.5359375 0.0828125 0.103125
4 0.5375 0.2640625 0.1046875 0.11875
4 0.3734375 0.24453125 0.1015625 0.121875
4 0.7 0.69453125 0.0859375 0.10625