4 0.71796875 0.43359375 0.0828125 0.115625
4 0.36171875 0.73203125 0.09453125 0.1359375
4 0.275 0.40546875 0.1 0.11796875
4 0.41875 0.22890625 0.0859375 0.1109375
4 0.4828125 0.60078125 0.08984375 0.13828125
4 0.58515625 0.72265625 0.08203125 0.13203125
4 0.43203125 0.16640625 0.1046875 0.090625
4 0.33671875 0.53359375 0.0703125 0.16328125
4 0.88828125 0.04921875 0.0890625 0.0984375
4 0.23671875 0.47890625 0.0578125 0.0875
4 0.53046875 0.69609375 0.06953125 0.10234375
4 0.9765625 0.053125 0.04609375 0.1046875
4 0.6984375 0.5609375 0.07109375 0.0953125
4 0.49140625 0.2609375 0.0921875 0.10859375
4 0.65703125 0.26171875 0.08828125 0.1125
4 0.278125 0.66875 0.075 0.0984375