3 0.76171875 0.384375 0.1171875 0.096875
2 0.19453125 0.5859375 0.153125 0.11875
2 0.37421875 0.54296875 0.1875 0.1546875
3 0.2375 0.43515625 0.128125 0.0984375
3 0.5171875 0.60859375 0.15 0.1234375
2 0.534375 0.46328125 0.2171875 0.196875
2 0.246875 0.5390625 0.109375 0.1015625
2 0.8515625 0.353125 0.1875 0.225
2 0.721875 0.21796875 0.2375 0.175
2 0.7671875 0.53984375 0.1546875 0.14375
2 0.59765625 0.65546875 0.1703125 0.1171875
2 0.74921875 0.175 0.13125 0.0921875
2 0.6234375 0.328125 0.1234375 0.1171875
3 0.47421875 0.30703125 0.1796875 0.1625
2 0.5890625 0.18125 0.103125 0.0828125
2 0.64765625 0.2484375 0.1125 0.0859375
2 0.5734375 0.4125 0.1265625 0.103125
2 0.34609375 0.37109375 0.15625 0.1609375
2 0.409375 0.26796875 0.0625 0.059375
3 0.41953125 0.65 0.0578125 0.0953125
2 0.52890625 0.70703125 0.2015625 0.15625
2 0.5484375 0.2078125 0.0796875 0.0578125
2 0.3390625 0.51875 0.0515625 0.04375
3 0.35078125 0.73046875 0.153125 0.11875
3 0.57421875 0.25 0.0515625 0.0390625
2 0.203125 0.49609375 0.0390625 0.0265625
3 0.29609375 0.39375 0.078125 0.0796875
2 0.334375 0.33984375 0.0328125 0.0359375
3 0.421875 0.33515625 0.059375 0.0625
2 0.3640625 0.51484375 0.040625 0.028125
3 0.3125 0.7546875 0.0859375 0.06875