3 0.2140625 0.4859375 0.128125 0.1109375
2 0.815625 0.47109375 0.165625 0.1390625
2 0.6328125 0.4953125 0.203125 0.178125
3 0.72109375 0.3453125 0.1390625 0.1140625
3 0.5234375 0.6078125 0.1625 0.1421875
2 0.4546875 0.478125 0.2390625 0.2234375
2 0.75 0.44609375 0.1203125 0.1140625
2 0.11953125 0.4890625 0.215625 0.2453125
2 0.1921875 0.31640625 0.2546875 0.20625
2 0.26484375 0.6328125 0.1703125 0.1625
2 0.4640625 0.68046875 0.18125 0.1390625
2 0.15078125 0.2859375 0.140625 0.109375
2 0.3234375 0.38359375 0.1359375 0.13125
3 0.4546875 0.3109375 0.196875 0.184375
2 0.30234375 0.234375 0.1109375 0.0953125
2 0.271875 0.31875 0.121875 0.1
2 0.4 0.44453125 0.1375 0.11875
2 0.59765625 0.32421875 0.175 0.178125
2 0.5015625 0.2515625 0.06875 0.065625
3 0.628125 0.6109375 0.0703125 0.1
2 0.546875 0.703125 0.2171875 0.18125
2 0.35 0.2453125 0.084375 0.06875
2 0.65625 0.459375 0.05625 0.05
3 0.721875 0.6609375 0.165625 0.1375
3 0.34140625 0.29375 0.05625 0.0453125
2 0.77578125 0.38984375 0.0421875 0.0328125
3 0.65234375 0.328125 0.0875 0.0875
2 0.596875 0.29140625 0.0375 0.0390625
3 0.51328125 0.31875 0.0671875 0.0703125
2 0.63203125 0.465625 0.04375 0.0328125
3 0.76640625 0.6703125 0.0921875 0.0796875