3 0.77265625 0.4125 0.109375 0.08515625
2 0.1875 0.55390625 0.14375 0.1046875
2 0.3703125 0.5296875 0.1734375 0.1375
3 0.24609375 0.4078125 0.1203125 0.0859375
3 0.50546875 0.61015625 0.1390625 0.109375
2 0.53828125 0.4671875 0.19921875 0.17734375
2 0.24453125 0.5125 0.1 0.09140625
2 0.86484375 0.390625 0.16640625 0.209375
2 0.75 0.24296875 0.22265625 0.153125
2 0.76171875 0.5671875 0.1421875 0.1296875
2 0.58125 0.66484375 0.1609375 0.1015625
2 0.78203125 0.203125 0.1234375 0.0796875
2 0.640625 0.3421875 0.1125 0.10546875
3 0.49453125 0.30546875 0.16484375 0.14609375
2 0.621875 0.1921875 0.0953125 0.07265625
2 0.6734375 0.265625 0.10546875 0.075
2 0.58203125 0.4203125 0.11796875 0.09140625
2 0.36015625 0.35546875 0.14140625 0.146875
2 0.434375 0.26015625 0.05703125 0.053125
3 0.4046875 0.640625 0.0484375 0.090625
2 0.50703125 0.70859375 0.18828125 0.13671875
2 0.57890625 0.21484375 0.07421875 0.05078125
2 0.33828125 0.5015625 0.04765625 0.03828125
3 0.32734375 0.71328125 0.14375 0.10390625
3 0.6 0.259375 0.0484375 0.034375
2 0.20546875 0.46484375 0.0375 0.0234375
3 0.30859375 0.3734375 0.07109375 0.071875
2 0.35234375 0.3234375 0.0296875 0.0328125
3 0.43984375 0.328125 0.05390625 0.0578125
2 0.36328125 0.50078125 0.0390625 0.0234375
3 0.28671875 0.73359375 0.0796875 0.0609375