3 0.66875 0.30703125 0.13671875 0.096875
3 0.41015625 0.4109375 0.1609375 0.11484375
3 0.5328125 0.3453125 0.15 0.10078125
3 0.6984375 0.44609375 0.21328125 0.17265625
3 0.5328125 0.44453125 0.128125 0.11484375
3 0.4953125 0.57578125 0.2515625 0.14609375
3 0.31484375 0.54375 0.15234375 0.12890625
3 0.38203125 0.67578125 0.271875 0.1515625
3 0.60078125 0.66484375 0.17109375 0.10546875
3 0.65078125 0.40625 0.10234375 0.08671875
3 0.30859375 0.6359375 0.1359375 0.078125
3 0.23515625 0.4609375 0.14921875 0.13203125
3 0.55078125 0.28125 0.1046875 0.03828125
3 0.62109375 0.296875 0.0578125 0.04375