3 0.31796875 0.31953125 0.14375 0.10625
3 0.58359375 0.4046875 0.16875 0.1265625
3 0.45625 0.34765625 0.15625 0.1109375
3 0.2984375 0.46015625 0.225 0.1875
3 0.46328125 0.446875 0.1359375 0.1234375
3 0.51015625 0.575 0.2609375 0.1640625
3 0.6875 0.53046875 0.1609375 0.1390625
3 0.6296875 0.6671875 0.28125 0.1703125
3 0.4109375 0.67109375 0.178125 0.1171875
3 0.34296875 0.4171875 0.1078125 0.09375
3 0.70078125 0.621875 0.140625 0.0875
3 0.76171875 0.4421875 0.1578125 0.1421875
3 0.434375 0.28515625 0.1078125 0.0453125
3 0.36484375 0.30546875 0.0609375 0.0484375