3 0.28671875 0.35703125 0.1578125 0.1296875
3 0.5640625 0.390625 0.1859375 0.153125
3 0.428125 0.359375 0.1703125 0.1359375
3 0.29453125 0.49921875 0.25 0.221875
3 0.45390625 0.4546875 0.153125 0.14375
3 0.52421875 0.571875 0.28125 0.20625
3 0.68984375 0.49453125 0.18125 0.1640625
3 0.659375 0.6390625 0.3015625 0.2171875
3 0.4453125 0.68515625 0.1921875 0.146875
3 0.33046875 0.4484375 0.121875 0.1109375
3 0.7203125 0.58203125 0.1515625 0.1109375
3 0.74609375 0.39375 0.178125 0.165625
3 0.39453125 0.3015625 0.1109375 0.0640625
3 0.33046875 0.33515625 0.0671875 0.0578125