5 0.41328125 0.3546875 0.1484375 0.1375
5 0.4 0.60703125 0.14296875 0.1609375
5 0.59453125 0.5078125 0.125 0.084375
5 0.55625 0.4015625 0.12265625 0.1171875
5 0.6578125 0.26640625 0.084375 0.1140625
5 0.584375 0.209375 0.1109375 0.075
5 0.25625 0.45703125 0.065625 0.140625
5 0.29140625 0.33671875 0.1140625 0.09296875
5 0.3203125 0.71875 0.11875 0.11953125
5 0.7734375 0.4125 0.0875 0.14609375
5 0.25234375 0.6515625 0.0953125 0.11171875
5 0.37265625 0.43828125 0.146875 0.1078125
5 0.7703125 0.53359375 0.109375 0.1140625
5 0.365625 0.51015625 0.1359375 0.109375
5 0.39375 0.2375 0.059375 0.0859375
5 0.54765625 0.5765625 0.1328125 0.0828125
5 0.55546875 0.296875 0.08125 0.134375
5 0.45546875 0.196875 0.08984375 0.11796875
5 0.3953125 0.825 0.15078125 0.10546875
5 0.64765625 0.59609375 0.09609375 0.08671875
5 0.58125 0.77734375 0.11171875 0.0859375
5 0.3359375 0.2515625 0.05078125 0.08671875
5 0.48359375 0.29296875 0.05546875 0.04921875
5 0.42890625 0.28125 0.04140625 0.03984375
5 0.5328125 0.2125 0.040625 0.06875
5 0.7171875 0.32578125 0.0484375 0.06484375
5 0.69921875 0.584375 0.075 0.0703125