5 0.3875 0.37421875 0.171875 0.1640625
5 0.421875 0.62421875 0.1703125 0.1859375
5 0.59453125 0.48984375 0.1390625 0.10625
5 0.53671875 0.39296875 0.1421875 0.1390625
5 0.61015625 0.240625 0.1046875 0.128125
5 0.52734375 0.1984375 0.1234375 0.0953125
5 0.25234375 0.5046875 0.090625 0.15
5 0.2640625 0.3796875 0.1296875 0.1125
5 0.365625 0.74921875 0.1390625 0.140625
5 0.7515625 0.36171875 0.1140625 0.159375
5 0.2859375 0.69609375 0.115625 0.128125
5 0.36328125 0.4640625 0.1640625 0.134375
5 0.771875 0.48125 0.1296875 0.1328125
5 0.3703125 0.5359375 0.1546875 0.1328125
5 0.3453125 0.2625 0.075 0.0953125
5 0.56171875 0.56640625 0.146875 0.10625
5 0.515625 0.28984375 0.1046875 0.146875
5 0.3984375 0.2109375 0.1109375 0.1328125
5 0.459375 0.8390625 0.16875 0.1328125
5 0.66328125 0.56640625 0.1109375 0.103125
5 0.6328125 0.75703125 0.1265625 0.10625
5 0.29140625 0.2875 0.065625 0.0953125
5 0.44453125 0.3 0.0640625 0.059375
5 0.38828125 0.29921875 0.0484375 0.046875
5 0.47734375 0.21171875 0.053125 0.075
5 0.6796875 0.2875 0.059375 0.0734375
5 0.71171875 0.54453125 0.0875 0.0828125