5 0.56015625 0.3421875 0.1703125 0.1609375
5 0.6171875 0.58828125 0.16875 0.1828125
5 0.40859375 0.52421875 0.1375 0.1046875
5 0.42734375 0.4125 0.140625 0.1359375
5 0.30390625 0.29765625 0.103125 0.1265625
5 0.36640625 0.228125 0.121875 0.09375
5 0.7328125 0.415625 0.0890625 0.15
5 0.67734375 0.303125 0.128125 0.1109375
5 0.71484375 0.684375 0.1375 0.1390625
5 0.215625 0.4609375 0.1109375 0.159375
5 0.7703125 0.60625 0.1125 0.1265625
5 0.61484375 0.4171875 0.1640625 0.13125
5 0.23984375 0.5796875 0.128125 0.13125
5 0.634375 0.48671875 0.153125 0.13125
5 0.559375 0.22265625 0.0734375 0.0953125
5 0.46640625 0.58359375 0.1453125 0.1046875
5 0.41015625 0.309375 0.103125 0.146875
5 0.49140625 0.19375 0.109375 0.13125
5 0.659375 0.8015625 0.1671875 0.1296875
5 0.37109375 0.6203125 0.109375 0.1015625
5 0.46796875 0.7875 0.125 0.1046875
5 0.61875 0.2265625 0.065625 0.09375
5 0.48046875 0.29296875 0.0625 0.0578125
5 0.53203125 0.271875 0.0484375 0.046875
5 0.41796875 0.22265625 0.0515625 0.075
5 0.25546875 0.36640625 0.059375 0.071875
5 0.31875 0.61796875 0.0859375 0.0828125