5 0.7875 0.50234375 0.071875 0.109375
5 0.6609375 0.421875 0.07578125 0.0875
5 0.63046875 0.4921875 0.0703125 0.06953125
5 0.38671875 0.321875 0.0765625 0.06171875
5 0.4140625 0.59921875 0.06796875 0.1140625
5 0.6609375 0.56953125 0.1265625 0.084375
5 0.5296875 0.43671875 0.07265625 0.12578125
5 0.696875 0.26640625 0.090625 0.0578125
5 0.471875 0.359375 0.06875 0.1125
5 0.45625 0.68359375 0.06015625 0.0515625
5 0.515625 0.2078125 0.109375 0.0984375
5 0.52109375 0.325 0.0671875 0.0765625
5 0.73828125 0.68203125 0.0421875 0.040625
5 0.3546875 0.4265625 0.09921875 0.1109375
5 0.315625 0.40859375 0.0359375 0.0828125
5 0.6140625 0.74453125 0.0328125 0.0328125
5 0.33125 0.4140625 0.03359375 0.06015625
5 0.753125 0.3171875 0.0390625 0.05234375
5 0.5359375 0.5546875 0.03359375 0.040625