5 0.2125 0.5125 0.075 0.1125
5 0.33671875 0.42734375 0.078125 0.090625
5 0.36953125 0.496875 0.0734375 0.071875
5 0.60703125 0.31796875 0.078125 0.0640625
5 0.5890625 0.59609375 0.071875 0.115625
5 0.34140625 0.575 0.1296875 0.0890625
5 0.46796875 0.4375 0.0765625 0.128125
5 0.2953125 0.2734375 0.0921875 0.0609375
5 0.5234375 0.35859375 0.071875 0.1140625
5 0.55 0.68203125 0.0625 0.053125
5 0.47421875 0.20859375 0.1125 0.1015625
5 0.47265625 0.32578125 0.0703125 0.078125
5 0.26796875 0.690625 0.04375 0.0421875
5 0.64296875 0.421875 0.103125 0.1140625
5 0.68125 0.40234375 0.0390625 0.084375
5 0.39453125 0.7484375 0.034375 0.034375
5 0.665625 0.40859375 0.0359375 0.0609375
5 0.240625 0.32578125 0.040625 0.053125
5 0.465625 0.55625 0.034375 0.0421875