5 0.2140625 0.4671875 0.084375 0.1171875
5 0.35 0.403125 0.0859375 0.0953125
5 0.37109375 0.4765625 0.078125 0.078125
5 0.634375 0.33671875 0.0828125 0.0703125
5 0.5734375 0.60859375 0.08125 0.121875
5 0.33203125 0.54921875 0.1359375 0.0984375
5 0.478125 0.43359375 0.0875 0.134375
5 0.3328125 0.24453125 0.096875 0.06875
5 0.5453125 0.3640625 0.08125 0.1203125
5 0.52109375 0.6875 0.065625 0.0578125
5 0.5203125 0.2078125 0.1203125 0.1109375
5 0.5 0.3234375 0.0765625 0.084375
5 0.24140625 0.6515625 0.046875 0.0453125
5 0.653125 0.44453125 0.1125 0.121875
5 0.69375 0.43203125 0.0453125 0.0859375
5 0.35703125 0.72890625 0.0359375 0.0359375
5 0.678125 0.43515625 0.040625 0.0640625
5 0.27109375 0.2875 0.0453125 0.05625
5 0.4578125 0.55 0.0390625 0.04375