5 0.63671875 0.603125 0.07109375 0.09921875
5 0.37109375 0.66484375 0.08203125 0.10546875
5 0.6078125 0.621875 0.0453125 0.071875
5 0.52421875 0.61875 0.05 0.05859375
5 0.4609375 0.559375 0.046875 0.0671875
5 0.4796875 0.42421875 0.07578125 0.1046875
5 0.5265625 0.65078125 0.09296875 0.13203125
5 0.6234375 0.4890625 0.10859375 0.1328125
5 0.546875 0.74765625 0.1 0.07578125
5 0.36171875 0.51640625 0.0953125 0.1046875
5 0.471875 0.64296875 0.06484375 0.1171875
5 0.3984375 0.4109375 0.08203125 0.10859375