5 0.434375 0.4390625 0.05 0.08125
5 0.378125 0.46328125 0.03671875 0.09609375
5 0.33125 0.440625 0.05859375 0.04375
5 0.47890625 0.4890625 0.04453125 0.04453125
5 0.50625 0.59296875 0.1078125 0.0859375
5 0.25234375 0.3390625 0.0453125 0.06875
5 0.20703125 0.73515625 0.075 0.09921875
5 0.29765625 0.40234375 0.0640625 0.059375
5 0.30078125 0.6125 0.08984375 0.1234375
5 0.4890625 0.23828125 0.08359375 0.04765625
5 0.5203125 0.2890625 0.096875 0.084375
5 0.55546875 0.4 0.14140625 0.0953125
5 0.359375 0.334375 0.05078125 0.04765625