5 0.571875 0.44609375 0.0578125 0.0859375
5 0.625 0.4765625 0.046875 0.1
5 0.67421875 0.45859375 0.0625 0.05
5 0.521875 0.49140625 0.0484375 0.0484375
5 0.484375 0.5921875 0.115625 0.096875
5 0.76328125 0.365625 0.0515625 0.0734375
5 0.76640625 0.76484375 0.084375 0.10625
5 0.71171875 0.42421875 0.0703125 0.065625
5 0.68671875 0.6328125 0.1015625 0.1328125
5 0.53828125 0.240625 0.0875 0.05625
5 0.5015625 0.28828125 0.1046875 0.09375
5 0.45546875 0.39453125 0.15 0.109375
5 0.65703125 0.35 0.05625 0.053125