5 0.56640625 0.43984375 0.0515625 0.0828125
5 0.62265625 0.465625 0.0390625 0.096875
5 0.66953125 0.44375 0.059375 0.0453125
5 0.52109375 0.4890625 0.0453125 0.0453125
5 0.4921875 0.59296875 0.109375 0.0875
5 0.75078125 0.34375 0.046875 0.06875
5 0.7890625 0.73984375 0.0765625 0.1
5 0.70390625 0.40625 0.065625 0.0609375
5 0.696875 0.615625 0.0921875 0.125
5 0.515625 0.23828125 0.084375 0.0484375
5 0.48359375 0.2890625 0.0984375 0.0859375
5 0.44609375 0.39921875 0.14375 0.0984375
5 0.64375 0.33671875 0.0515625 0.0484375