5 0.459375 0.5109375 0.1453125 0.08046875
5 0.4765625 0.6765625 0.08203125 0.06328125
5 0.43515625 0.6125 0.05 0.03515625
5 0.66796875 0.60078125 0.04453125 0.034375
5 0.78359375 0.63671875 0.046875 0.03828125
5 0.56328125 0.578125 0.04296875 0.0359375
5 0.55390625 0.70234375 0.04375 0.025
5 0.33515625 0.53203125 0.04375 0.02734375
5 0.6953125 0.553125 0.0484375 0.03125
5 0.6046875 0.57890625 0.03984375 0.03359375
5 0.3828125 0.70078125 0.046875 0.0375
5 0.70703125 0.48515625 0.0515625 0.03828125
5 0.54609375 0.746875 0.03671875 0.02734375
5 0.68671875 0.68671875 0.04453125 0.02890625
5 0.3796875 0.440625 0.0453125 0.028125
5 0.79140625 0.4984375 0.03828125 0.02734375
5 0.49609375 0.4078125 0.04140625 0.02578125
5 0.2984375 0.50390625 0.03203125 0.02890625
5 0.54453125 0.40546875 0.03671875 0.0234375