5 0.54140625 0.50859375 0.15 0.0875
5 0.5328125 0.675 0.0859375 0.0671875
5 0.5703125 0.60859375 0.0515625 0.0375
5 0.3375 0.609375 0.046875 0.0359375
5 0.22421875 0.6515625 0.0484375 0.040625
5 0.440625 0.58125 0.0453125 0.0375
5 0.45703125 0.7046875 0.0453125 0.0265625
5 0.66640625 0.5234375 0.0453125 0.0296875
5 0.3078125 0.56328125 0.05 0.034375
5 0.39921875 0.584375 0.0421875 0.0359375
5 0.62734375 0.69453125 0.0484375 0.040625
5 0.2921875 0.49609375 0.053125 0.040625
5 0.4671875 0.74921875 0.0375 0.0296875
5 0.3234375 0.69609375 0.0453125 0.03125
5 0.6171875 0.434375 0.046875 0.0296875
5 0.20859375 0.5140625 0.0390625 0.0296875
5 0.49921875 0.4078125 0.0421875 0.028125
5 0.7015625 0.49296875 0.0328125 0.03125
5 0.45078125 0.4078125 0.0375 0.025