5 0.45859375 0.50625 0.153125 0.0953125
5 0.45859375 0.6734375 0.0875 0.071875
5 0.4234375 0.60546875 0.053125 0.040625
5 0.65625 0.61796875 0.0484375 0.0390625
5 0.76796875 0.665625 0.05 0.04375
5 0.5546875 0.584375 0.046875 0.040625
5 0.5328125 0.70703125 0.046875 0.0296875
5 0.3328125 0.51484375 0.046875 0.03125
5 0.6890625 0.5734375 0.0515625 0.0359375
5 0.59609375 0.5890625 0.04375 0.0375
5 0.3625 0.6875 0.05 0.0421875
5 0.7078125 0.50703125 0.0546875 0.04375
5 0.5203125 0.75 0.0390625 0.03125
5 0.66640625 0.70546875 0.046875 0.0328125
5 0.38671875 0.428125 0.0484375 0.0328125
5 0.78984375 0.52890625 0.040625 0.03125
5 0.50546875 0.4078125 0.04375 0.0296875
5 0.29921875 0.4828125 0.034375 0.0328125
5 0.55390625 0.4109375 0.0390625 0.0265625