5 0.41171875 0.49453125 0.078125 0.08046875
5 0.28359375 0.54765625 0.1890625 0.24453125
5 0.54296875 0.71875 0.15625 0.1515625
5 0.56640625 0.5828125 0.0609375 0.0890625
5 0.4640625 0.43046875 0.071875 0.0953125
5 0.61953125 0.26875 0.05234375 0.0640625
5 0.3796875 0.40625 0.065625 0.1
5 0.503125 0.54609375 0.0578125 0.07734375
5 0.43984375 0.36171875 0.0640625 0.10703125
5 0.5671875 0.440625 0.0578125 0.1015625
5 0.21796875 0.359375 0.04609375 0.1
5 0.60859375 0.18984375 0.0625 0.07109375
5 0.25703125 0.325 0.0328125 0.071875
5 0.6 0.35390625 0.05546875 0.06953125
5 0.64921875 0.559375 0.16640625 0.2125