5 0.41484375 0.4765625 0.09375 0.0953125
5 0.278125 0.5015625 0.2359375 0.278125
5 0.496875 0.72265625 0.184375 0.18125
5 0.54765625 0.59453125 0.078125 0.1
5 0.4796875 0.42421875 0.090625 0.1078125
5 0.66484375 0.2984375 0.0640625 0.0734375
5 0.4015625 0.38359375 0.084375 0.1109375
5 0.49375 0.54609375 0.071875 0.0875
5 0.46953125 0.35234375 0.084375 0.11875
5 0.578125 0.45625 0.078125 0.1109375
5 0.253125 0.30390625 0.065625 0.1078125
5 0.67109375 0.21953125 0.0765625 0.0828125
5 0.2984375 0.278125 0.046875 0.0765625
5 0.628125 0.378125 0.06875 0.0796875
5 0.63359375 0.5890625 0.20625 0.2421875