5 0.41171875 0.49296875 0.0796875 0.08125
5 0.2828125 0.54375 0.19375 0.2484375
5 0.5390625 0.71953125 0.159375 0.1546875
5 0.56484375 0.58359375 0.0625 0.090625
5 0.465625 0.4296875 0.0734375 0.096875
5 0.6234375 0.27109375 0.053125 0.065625
5 0.38125 0.40390625 0.0671875 0.1015625
5 0.50234375 0.54609375 0.059375 0.078125
5 0.4421875 0.3609375 0.065625 0.1078125
5 0.56796875 0.4421875 0.059375 0.103125
5 0.2203125 0.3546875 0.0484375 0.1015625
5 0.6140625 0.19140625 0.0640625 0.071875
5 0.26015625 0.32109375 0.034375 0.071875
5 0.60234375 0.35546875 0.05625 0.0703125
5 0.6484375 0.56171875 0.1703125 0.215625