5 0.24921875 0.7390625 0.1296875 0.1140625
2 0.36484375 0.7015625 0.071875 0.0921875
2 0.50703125 0.7140625 0.071875 0.0875
5 0.37421875 0.60703125 0.05625 0.075
5 0.63671875 0.6125 0.0609375 0.065625
5 0.26015625 0.5515625 0.059375 0.075
2 0.33671875 0.48828125 0.0609375 0.0578125
5 0.471875 0.49921875 0.059375 0.09375
2 0.44375 0.5828125 0.053125 0.071875
2 0.31953125 0.684375 0.06875 0.075
2 0.43359375 0.5171875 0.065625 0.075
5 0.51796875 0.62578125 0.0609375 0.0734375
2 0.23984375 0.61484375 0.0484375 0.0671875