5 0.77109375 0.71640625 0.1234375 0.10625
2 0.65234375 0.6890625 0.065625 0.0875
2 0.51171875 0.7140625 0.065625 0.0828125
5 0.634375 0.5953125 0.0515625 0.0703125
5 0.37421875 0.62421875 0.05625 0.0609375
5 0.74375 0.53046875 0.053125 0.071875
2 0.66171875 0.4734375 0.05625 0.0546875
5 0.52734375 0.49609375 0.053125 0.0890625
2 0.56328125 0.57734375 0.0484375 0.06875
2 0.69609375 0.66796875 0.0640625 0.0703125
2 0.5671875 0.51171875 0.059375 0.0703125
5 0.49375 0.62734375 0.05625 0.06875
2 0.76953125 0.59140625 0.04375 0.065625