5 0.21484375 0.696875 0.11640625 0.09765625
2 0.33515625 0.678125 0.06015625 0.08359375
2 0.4734375 0.7125 0.06015625 0.07890625
5 0.359375 0.5859375 0.046875 0.06796875
5 0.6171875 0.6328125 0.05234375 0.0578125
5 0.2546875 0.51328125 0.0484375 0.06875
2 0.340625 0.4625 0.053125 0.05078125
5 0.47265625 0.49453125 0.046875 0.08671875
2 0.43125 0.57265625 0.04375 0.065625
2 0.29296875 0.65390625 0.059375 0.06640625
2 0.43203125 0.50703125 0.05546875 0.0671875
5 0.49765625 0.62734375 0.0515625 0.065625
2 0.225 0.57265625 0.0390625 0.0625