5 0.50859375 0.3421875 0.053125 0.0609375
5 0.521875 0.73359375 0.0796875 0.103125
5 0.4140625 0.4234375 0.1328125 0.1546875
5 0.28203125 0.6796875 0.1046875 0.165625
5 0.2234375 0.81875 0.1015625 0.1453125
5 0.2859375 0.3296875 0.075 0.1296875
5 0.35859375 0.1953125 0.1421875 0.1546875
5 0.2203125 0.3359375 0.0828125 0.0953125
5 0.4296875 0.6234375 0.0859375 0.078125
5 0.359375 0.66875 0.059375 0.053125
5 0.32421875 0.55234375 0.0515625 0.1015625
5 0.59921875 0.50234375 0.0546875 0.0828125
5 0.184375 0.60390625 0.04375 0.0875
5 0.55546875 0.35703125 0.05 0.0578125
5 0.56328125 0.484375 0.04375 0.084375
5 0.56328125 0.671875 0.075 0.071875
5 0.4796875 0.375 0.05 0.0609375
5 0.5203125 0.79921875 0.0703125 0.059375
5 0.22109375 0.6375 0.0421875 0.0703125
5 0.60625 0.55703125 0.0453125 0.0578125
5 0.2484375 0.63125 0.0359375 0.046875
5 0.378125 0.5078125 0.040625 0.0640625
5 0.35390625 0.5328125 0.0421875 0.0703125
5 0.36875 0.36640625 0.0328125 0.0390625
5 0.359375 0.621875 0.046875 0.05625
5 0.56484375 0.41171875 0.040625 0.0484375