5 0.5171875 0.34296875 0.05 0.05859375
5 0.509375 0.734375 0.075 0.1
5 0.41796875 0.41875 0.12578125 0.14765625
5 0.27265625 0.66796875 0.09609375 0.16015625
5 0.20703125 0.80390625 0.09375 0.140625
5 0.2953125 0.31875 0.06796875 0.12578125
5 0.375 0.18828125 0.13515625 0.14765625
5 0.22890625 0.321875 0.078125 0.09140625
5 0.4234375 0.61953125 0.08203125 0.0734375
5 0.35078125 0.6609375 0.05703125 0.05078125
5 0.321875 0.54296875 0.04609375 0.1
5 0.59921875 0.5078125 0.05078125 0.08046875
5 0.1796875 0.5875 0.0390625 0.08515625
5 0.5625 0.36015625 0.046875 0.05546875
5 0.5640625 0.4875 0.0390625 0.08203125
5 0.55390625 0.675 0.07109375 0.06796875
5 0.4859375 0.37421875 0.04765625 0.0578125
5 0.5046875 0.8 0.0671875 0.05546875
5 0.2140625 0.62265625 0.03828125 0.06796875
5 0.603125 0.5625 0.04296875 0.05546875
5 0.2421875 0.61796875 0.03359375 0.0453125
5 0.378125 0.5015625 0.0375 0.0625
5 0.35234375 0.525 0.0390625 0.06796875
5 0.37578125 0.359375 0.03046875 0.0375
5 0.353125 0.6140625 0.04453125 0.05390625
5 0.56953125 0.415625 0.03828125 0.04609375