5 0.33828125 0.43359375 0.18125 0.2484375
5 0.6765625 0.55546875 0.209375 0.23125
5 0.43828125 0.60234375 0.140625 0.190625
5 0.1578125 0.7640625 0.1453125 0.203125
5 0.79765625 0.4265625 0.14375 0.1984375
5 0.60703125 0.19140625 0.1296875 0.171875
5 0.59921875 0.33125 0.1265625 0.153125
5 0.32578125 0.6046875 0.1578125 0.1703125
5 0.52421875 0.41328125 0.1015625 0.1625
5 0.3609375 0.74921875 0.175 0.21875
5 0.29921875 0.23359375 0.1625 0.1703125
5 0.171875 0.6328125 0.1359375 0.125
5 0.8390625 0.5546875 0.1234375 0.1328125
5 0.8609375 0.74921875 0.1484375 0.209375
5 0.9078125 0.45546875 0.13125 0.2046875
5 0.13046875 0.8828125 0.128125 0.1765625
5 0.23203125 0.86484375 0.1171875 0.175
5 0.696875 0.38203125 0.1234375 0.175
5 0.4734375 0.3578125 0.096875 0.11875
5 0.49296875 0.7921875 0.0984375 0.175
5 0.07109375 0.78515625 0.0890625 0.178125
5 0.59921875 0.45 0.0890625 0.115625
5 0.7859375 0.27890625 0.10625 0.1078125
5 0.46015625 0.92578125 0.1359375 0.1484375