5 0.6671875 0.44765625 0.2 0.2578125
5 0.31875 0.53984375 0.225 0.24375
5 0.55234375 0.60703125 0.1546875 0.1984375
5 0.81796875 0.79296875 0.159375 0.2109375
5 0.209375 0.40078125 0.1578125 0.20625
5 0.4203125 0.18359375 0.1421875 0.1796875
5 0.41640625 0.3234375 0.1375 0.1609375
5 0.66484375 0.61953125 0.1703125 0.1796875
5 0.48359375 0.41171875 0.1125 0.1671875
5 0.6171875 0.76015625 0.190625 0.2296875
5 0.7234375 0.25234375 0.1734375 0.18125
5 0.815625 0.6609375 0.14375 0.134375
5 0.1578125 0.525 0.1328125 0.1390625
5 0.11875 0.7171875 0.1625 0.2171875
5 0.09765625 0.4203125 0.1453125 0.2109375
5 0.834375 0.9109375 0.140625 0.178125
5 0.73515625 0.88671875 0.13125 0.18125
5 0.3140625 0.365625 0.1359375 0.18125
5 0.5390625 0.3609375 0.1046875 0.125
5 0.48203125 0.79140625 0.1125 0.1796875
5 0.90234375 0.82109375 0.1015625 0.1828125
5 0.40546875 0.44140625 0.0984375 0.1203125
5 0.234375 0.2546875 0.1140625 0.115625
5 0.5015625 0.925 0.146875 0.15