5 0.65234375 0.4140625 0.1546875 0.23125
5 0.33125 0.5765625 0.18515625 0.21015625
5 0.5734375 0.59375 0.1203125 0.1765625
5 0.871875 0.7203125 0.1234375 0.1890625
5 0.1953125 0.46328125 0.121875 0.184375
5 0.35625 0.20703125 0.1109375 0.159375
5 0.38125 0.34453125 0.11015625 0.140625
5 0.6859375 0.5828125 0.140625 0.15390625
5 0.465625 0.4171875 0.0828125 0.15390625
5 0.66875 0.73046875 0.1515625 0.20234375
5 0.6671875 0.2109375 0.14453125 0.15390625
5 0.8421875 0.59140625 0.1234375 0.1109375
5 0.1703125 0.5953125 0.11015625 0.11953125
5 0.171875 0.79140625 0.125 0.1953125
5 0.08984375 0.50546875 0.1078125 0.19296875
5 0.91328125 0.83515625 0.109375 0.16484375
5 0.81015625 0.8296875 0.0984375 0.16484375
5 0.28984375 0.40703125 0.10390625 0.16328125
5 0.509375 0.35546875 0.084375 0.109375
5 0.54296875 0.7890625 0.07890625 0.1671875
5 0.96015625 0.73046875 0.06796875 0.171875
5 0.3953125 0.4625 0.07734375 0.10625
5 0.1890625 0.315625 0.0953125 0.09765625
5 0.5921875 0.92421875 0.11953125 0.14765625