2 0.40859375 0.16796875 0.125 0.121875
5 0.18359375 0.62890625 0.0546875 0.0703125
5 0.496875 0.53359375 0.046875 0.078125
2 0.33046875 0.396875 0.1375 0.1609375
2 0.39453125 0.290625 0.1203125 0.1328125
5 0.5140625 0.45625 0.0484375 0.0640625
5 0.140625 0.3203125 0.04375 0.053125
5 0.3171875 0.07109375 0.0515625 0.053125
5 0.08359375 0.4140625 0.0375 0.0546875
2 0.275 0.2421875 0.11875 0.1265625
5 0.36015625 0.6109375 0.053125 0.059375
5 0.221875 0.6515625 0.053125 0.06875
2 0.53828125 0.2890625 0.1515625 0.1953125
2 0.27578125 0.43828125 0.0921875 0.125
2 0.27421875 0.51328125 0.1015625 0.1203125
2 0.209375 0.4203125 0.0640625 0.1296875
5 0.56015625 0.26015625 0.046875 0.0546875
2 0.1078125 0.48359375 0.1046875 0.140625
2 0.61640625 0.23984375 0.059375 0.078125
2 0.18125 0.253125 0.0578125 0.1
2 0.171875 0.5453125 0.0625 0.0921875
2 0.103125 0.35625 0.078125 0.0859375
2 0.18125 0.353125 0.06875 0.0859375
2 0.5578125 0.2 0.04375 0.0640625
2 0.440625 0.6140625 0.103125 0.1328125
2 0.5484375 0.47734375 0.0890625 0.1125