2 0.32109375 0.20625 0.1421875 0.140625
5 0.23125 0.7109375 0.0640625 0.078125
5 0.50625 0.5328125 0.0578125 0.084375
2 0.30859375 0.44765625 0.1609375 0.1796875
2 0.340625 0.32734375 0.1390625 0.1484375
5 0.5015625 0.45390625 0.0578125 0.0703125
5 0.10546875 0.42578125 0.0515625 0.059375
5 0.20625 0.13828125 0.059375 0.059375
5 0.07578125 0.53203125 0.046875 0.059375
2 0.2125 0.31484375 0.1375 0.14375
5 0.39609375 0.6453125 0.0625 0.065625
5 0.275 0.721875 0.0625 0.075
2 0.47890625 0.28671875 0.18125 0.215625
2 0.2671875 0.50234375 0.1125 0.1375
2 0.28671875 0.575 0.1203125 0.134375
2 0.1984375 0.50390625 0.084375 0.1375
5 0.49140625 0.25234375 0.0546875 0.0625
2 0.11875 0.5921875 0.1265625 0.1546875
2 0.53984375 0.21796875 0.071875 0.0859375
2 0.12578125 0.35078125 0.0734375 0.10625
2 0.19765625 0.634375 0.0765625 0.1
2 0.07890625 0.47109375 0.090625 0.096875
2 0.153125 0.446875 0.08125 0.0953125
2 0.4734375 0.19609375 0.053125 0.06875
2 0.47421875 0.62578125 0.121875 0.1453125
2 0.53984375 0.46484375 0.10625 0.1234375