2 0.39140625 0.1734375 0.11953125 0.11640625
5 0.190625 0.6453125 0.05078125 0.06796875
5 0.4984375 0.53359375 0.0421875 0.0765625
2 0.325 0.40625 0.1296875 0.1546875
2 0.38359375 0.29609375 0.1140625 0.1265625
5 0.51171875 0.45546875 0.0453125 0.06171875
5 0.13203125 0.3390625 0.040625 0.0515625
5 0.2953125 0.08125 0.04921875 0.05
5 0.0796875 0.4359375 0.03515625 0.053125
2 0.26171875 0.2546875 0.11328125 0.12109375
5 0.36640625 0.61796875 0.05078125 0.05625
5 0.23046875 0.665625 0.04921875 0.06640625
2 0.52734375 0.2875 0.1421875 0.18828125
2 0.27265625 0.45 0.08671875 0.12109375
2 0.275 0.525 0.09609375 0.115625
2 0.20546875 0.4359375 0.05703125 0.12734375
5 0.54765625 0.25703125 0.04453125 0.053125
2 0.1078125 0.50390625 0.0984375 0.1359375
2 0.60234375 0.234375 0.05546875 0.07578125
2 0.16875 0.2703125 0.05234375 0.09765625
2 0.175 0.5625 0.05859375 0.08984375
2 0.09609375 0.37734375 0.07421875 0.08203125
2 0.17421875 0.3703125 0.0640625 0.0828125
2 0.5421875 0.19765625 0.03984375 0.06171875
2 0.446875 0.6171875 0.09609375 0.12734375
2 0.546875 0.475 0.08359375 0.1078125