5 0.4984375 0.409375 0.0625 0.08125
5 0.49296875 0.54140625 0.0640625 0.0921875
5 0.3484375 0.446875 0.096875 0.128125
5 0.3921875 0.66484375 0.06875 0.0859375
5 0.58125 0.58984375 0.0796875 0.08125
5 0.53828125 0.3140625 0.05 0.078125
5 0.41171875 0.3640625 0.0609375 0.1015625
5 0.48515625 0.29765625 0.0515625 0.0625
5 0.59140625 0.321875 0.05 0.0734375
5 0.6234375 0.540625 0.05 0.0625
5 0.36171875 0.37578125 0.05625 0.0859375
5 0.25703125 0.39765625 0.0453125 0.0859375
5 0.59765625 0.4265625 0.0609375 0.075
5 0.4671875 0.6921875 0.0796875 0.134375
5 0.23125 0.509375 0.084375 0.171875
5 0.2109375 0.6484375 0.0359375 0.0609375
5 0.39375 0.55859375 0.1234375 0.1515625