5 0.509375 0.41015625 0.06875 0.0859375
5 0.503125 0.5421875 0.071875 0.096875
5 0.65546875 0.46015625 0.1078125 0.134375
5 0.59296875 0.6734375 0.075 0.090625
5 0.4109375 0.5828125 0.0859375 0.0875
5 0.478125 0.31171875 0.05625 0.08125
5 0.6 0.371875 0.06875 0.10625
5 0.5328125 0.29921875 0.05625 0.065625
5 0.42421875 0.3140625 0.05625 0.0765625
5 0.3734375 0.5296875 0.0546875 0.065625
5 0.6484375 0.38828125 0.0625 0.090625
5 0.75078125 0.41875 0.0515625 0.0890625
5 0.409375 0.41796875 0.065625 0.0796875
5 0.51640625 0.69375 0.090625 0.1390625
5 0.76640625 0.5328125 0.0984375 0.1765625
5 0.775 0.6734375 0.040625 0.0625
5 0.60078125 0.5671875 0.134375 0.1609375