5 0.4984375 0.409375 0.06015625 0.0796875
5 0.50859375 0.54140625 0.06171875 0.08984375
5 0.64921875 0.44140625 0.09296875 0.12421875
5 0.61328125 0.6609375 0.065625 0.08359375
5 0.421875 0.59296875 0.0765625 0.078125
5 0.45546875 0.315625 0.046875 0.0765625
5 0.58359375 0.3609375 0.0578125 0.09921875
5 0.5078125 0.296875 0.05 0.06015625
5 0.40234375 0.325 0.04765625 0.071875
5 0.378125 0.54453125 0.04765625 0.06015625
5 0.63359375 0.37109375 0.053125 0.084375
5 0.7390625 0.3890625 0.0421875 0.08515625
5 0.4 0.4296875 0.0578125 0.07265625
5 0.53984375 0.690625 0.07578125 0.13125
5 0.76875 0.5 0.078125 0.16875
5 0.79375 0.63828125 0.03359375 0.059375
5 0.60859375 0.5546875 0.11796875 0.146875