2 0.38203125 0.471875 0.0921875 0.084375
2 0.53046875 0.67890625 0.0484375 0.0609375
2 0.58046875 0.64296875 0.03046875 0.02890625
2 0.43046875 0.459375 0.1296875 0.11484375
2 0.3890625 0.60625 0.02578125 0.0296875
2 0.42578125 0.6671875 0.0328125 0.025
2 0.6078125 0.45625 0.10234375 0.0859375
2 0.4921875 0.74453125 0.0359375 0.02578125
2 0.41875 0.634375 0.03359375 0.0328125
2 0.54609375 0.50546875 0.03828125 0.03515625
2 0.3140625 0.48203125 0.0234375 0.0296875
2 0.4625 0.6765625 0.03125 0.0390625