5 0.75546875 0.34375 0.096875 0.096875
5 0.81328125 0.54765625 0.0671875 0.075
4 0.73515625 0.44140625 0.0640625 0.059375
4 0.8109375 0.47421875 0.0640625 0.0703125
5 0.8890625 0.4578125 0.0546875 0.0609375
5 0.53515625 0.37265625 0.1 0.1484375
4 0.5578125 0.58046875 0.0671875 0.075
4 0.5546875 0.6015625 0.06875 0.071875
5 0.5859375 0.4796875 0.103125 0.1234375
5 0.49296875 0.27890625 0.0984375 0.10625
5 0.78828125 0.68359375 0.1 0.0984375
5 0.39296875 0.35703125 0.05 0.0609375
4 0.653125 0.196875 0.0703125 0.06875