5 0.21953125 0.3953125 0.084375 0.084375
5 0.2015625 0.60625 0.05625 0.0671875
4 0.2578125 0.4875 0.0578125 0.05
4 0.18984375 0.53359375 0.0546875 0.0625
5 0.11015625 0.5328125 0.0453125 0.053125
5 0.44140625 0.38203125 0.0765625 0.1390625
4 0.45859375 0.58984375 0.05625 0.0671875
4 0.465625 0.61015625 0.0578125 0.0640625
5 0.41171875 0.49609375 0.0859375 0.1125
5 0.46484375 0.28125 0.0828125 0.09375
5 0.25234375 0.73515625 0.0875 0.084375
5 0.578125 0.3390625 0.040625 0.0546875
4 0.2921875 0.23203125 0.0609375 0.059375