5 0.2140625 0.41015625 0.08046875 0.08046875
5 0.2078125 0.621875 0.053125 0.06484375
4 0.2578125 0.5 0.0546875 0.046875
4 0.1921875 0.55 0.0515625 0.059375
5 0.1125 0.553125 0.04296875 0.0515625
5 0.43515625 0.38515625 0.06953125 0.1359375
4 0.46328125 0.5921875 0.05234375 0.06484375
4 0.47109375 0.61171875 0.05546875 0.0609375
5 0.41171875 0.50078125 0.0796875 0.1078125
5 0.453125 0.28359375 0.07890625 0.0890625
5 0.26484375 0.74765625 0.0828125 0.08046875
5 0.56953125 0.33515625 0.03828125 0.053125
4 0.278125 0.24296875 0.0578125 0.05703125