5 0.82265625 0.65078125 0.18125 0.184375
5 0.60703125 0.52265625 0.1484375 0.2265625
5 0.24609375 0.328125 0.1546875 0.1921875
5 0.21953125 0.55234375 0.1765625 0.19375
5 0.60546875 0.8265625 0.175 0.1984375
5 0.67109375 0.3109375 0.1640625 0.1734375
5 0.4859375 0.44765625 0.15625 0.1359375
5 0.67734375 0.459375 0.1515625 0.203125
5 0.4984375 0.58359375 0.159375 0.225
5 0.40234375 0.5625 0.1171875 0.178125
5 0.32734375 0.671875 0.1375 0.2171875
5 0.55859375 0.31015625 0.153125 0.19375
5 0.378125 0.43515625 0.1203125 0.1421875
5 0.4515625 0.32265625 0.153125 0.2140625
5 0.42890625 0.1734375 0.1125 0.1546875
5 0.778125 0.52578125 0.16875 0.2078125
5 0.30546875 0.4640625 0.13125 0.1609375
5 0.709375 0.7 0.1625 0.209375
5 0.49609375 0.13828125 0.1109375 0.146875
5 0.3578125 0.17734375 0.1375 0.1578125
5 0.41015625 0.7203125 0.1375 0.2234375