5 0.2234375 0.72421875 0.14921875 0.15234375
5 0.4015625 0.54765625 0.10078125 0.20859375
5 0.7046875 0.271875 0.11640625 0.16953125
5 0.784375 0.4828125 0.140625 0.1640625
5 0.4765625 0.8421875 0.13828125 0.1703125
5 0.28828125 0.3578125 0.13359375 0.1453125
5 0.50078125 0.44609375 0.134375 0.10703125
5 0.31796875 0.50390625 0.1109375 0.18203125
5 0.521875 0.58046875 0.11328125 0.203125
5 0.61015625 0.53671875 0.08046875 0.1640625
5 0.709375 0.625 0.09140625 0.20078125
5 0.396875 0.3296875 0.115625 0.17109375
5 0.60234375 0.4078125 0.09375 0.1234375
5 0.50390625 0.31640625 0.109375 0.19375
5 0.48984375 0.165625 0.08125 0.1390625
5 0.23671875 0.5921875 0.12890625 0.18203125
5 0.6796875 0.41796875 0.10078125 0.140625
5 0.3453125 0.74453125 0.12109375 0.18515625
5 0.41640625 0.1484375 0.08203125 0.13046875
5 0.56015625 0.15234375 0.10859375 0.1359375
5 0.640625 0.6921875 0.08984375 0.2078125