5 0.1828125 0.66171875 0.178125 0.1796875
5 0.39375 0.52578125 0.1421875 0.225
5 0.74765625 0.31953125 0.1484375 0.190625
5 0.78203125 0.5421875 0.171875 0.1890625
5 0.40625 0.8296875 0.1703125 0.1953125
5 0.32265625 0.3171875 0.1609375 0.1703125
5 0.51171875 0.44765625 0.153125 0.1328125
5 0.32109375 0.465625 0.146875 0.2015625
5 0.5046875 0.58359375 0.153125 0.221875
5 0.6 0.55859375 0.1125 0.1765625
5 0.67890625 0.665625 0.13125 0.215625
5 0.434375 0.31171875 0.1484375 0.190625
5 0.61953125 0.43125 0.1171875 0.140625
5 0.5421875 0.32109375 0.146875 0.2125
5 0.559375 0.17109375 0.1078125 0.153125
5 0.2234375 0.53515625 0.1640625 0.2046875
5 0.69296875 0.45703125 0.128125 0.1578125
5 0.29765625 0.70703125 0.15625 0.20625
5 0.49140625 0.1390625 0.1078125 0.1453125
5 0.63125 0.17265625 0.134375 0.15625
5 0.59765625 0.7171875 0.13125 0.221875