5 0.46484375 0.53984375 0.09375 0.1015625
5 0.6953125 0.5734375 0.090625 0.11875
5 0.4390625 0.42578125 0.1015625 0.075
5 0.578125 0.49296875 0.096875 0.1234375
5 0.58671875 0.49375 0.0796875 0.0953125
5 0.4703125 0.53515625 0.078125 0.09375
5 0.45 0.42265625 0.0703125 0.0640625
5 0.6765625 0.44921875 0.06875 0.0796875
5 0.609375 0.6765625 0.078125 0.090625
5 0.6875 0.684375 0.075 0.0890625
5 0.47421875 0.359375 0.071875 0.0765625
5 0.30859375 0.665625 0.0828125 0.0953125
5 0.55078125 0.34375 0.0796875 0.0828125
5 0.36015625 0.603125 0.071875 0.0828125
5 0.37109375 0.328125 0.071875 0.0859375
5 0.5359375 0.7984375 0.0859375 0.090625
5 0.246875 0.5484375 0.0703125 0.084375
5 0.259375 0.746875 0.084375 0.090625
5 0.6578125 0.7578125 0.075 0.0875
5 0.21328125 0.503125 0.0609375 0.0796875
5 0.62109375 0.378125 0.06875 0.075
5 0.42890625 0.303125 0.0625 0.0609375
5 0.20546875 0.61640625 0.0875 0.1015625