5 0.4625 0.5375 0.1 0.1078125
5 0.68984375 0.5875 0.0984375 0.125
5 0.44375 0.42109375 0.10625 0.08125
5 0.57890625 0.4984375 0.10625 0.1296875
5 0.58671875 0.5 0.0859375 0.1
5 0.46796875 0.53359375 0.084375 0.0984375
5 0.45546875 0.41953125 0.0734375 0.06875
5 0.6796875 0.46171875 0.0734375 0.084375
5 0.596875 0.684375 0.084375 0.0953125
5 0.67421875 0.696875 0.08125 0.09375
5 0.484375 0.35859375 0.0765625 0.08125
5 0.29765625 0.6515625 0.0890625 0.1
5 0.56171875 0.34765625 0.0859375 0.0890625
5 0.353125 0.59296875 0.078125 0.0875
5 0.38359375 0.31953125 0.078125 0.090625
5 0.515625 0.8 0.0921875 0.0953125
5 0.24375 0.53125 0.075 0.0890625
5 0.24296875 0.72890625 0.090625 0.096875
5 0.63984375 0.76796875 0.08125 0.0921875
5 0.2140625 0.4828125 0.065625 0.0828125
5 0.62890625 0.38671875 0.0734375 0.0796875
5 0.44296875 0.29921875 0.065625 0.065625
5 0.1984375 0.59609375 0.09375 0.1078125