5 0.534375 0.540625 0.0921875 0.1
5 0.303125 0.5703125 0.08828125 0.1171875
5 0.5625 0.4265625 0.1 0.07265625
5 0.421875 0.49140625 0.0953125 0.12109375
5 0.41328125 0.4921875 0.078125 0.09375
5 0.52890625 0.5359375 0.0765625 0.0921875
5 0.5515625 0.4234375 0.06875 0.0625
5 0.32421875 0.44609375 0.0671875 0.078125
5 0.3875 0.675 0.0765625 0.0890625
5 0.309375 0.68125 0.0734375 0.0875
5 0.528125 0.36015625 0.0703125 0.075
5 0.68828125 0.66875 0.08046875 0.09375
5 0.4515625 0.34296875 0.07890625 0.08203125
5 0.63828125 0.60546875 0.07109375 0.08203125
5 0.63203125 0.33046875 0.0703125 0.084375
5 0.45859375 0.79765625 0.084375 0.0890625
5 0.75234375 0.553125 0.06875 0.08359375
5 0.7359375 0.75078125 0.08359375 0.08984375
5 0.3375 0.7546875 0.07421875 0.0859375
5 0.78671875 0.5078125 0.059375 0.078125
5 0.38125 0.37578125 0.0671875 0.0734375
5 0.57421875 0.3046875 0.0609375 0.06015625
5 0.7921875 0.621875 0.08515625 0.1