5 0.5921875 0.46640625 0.128125 0.1375
5 0.49609375 0.88515625 0.0859375 0.1203125
5 0.27578125 0.71953125 0.1328125 0.1890625
5 0.4046875 0.4140625 0.1296875 0.1609375
5 0.5828125 0.2890625 0.1484375 0.196875
5 0.41875 0.40390625 0.0703125 0.1390625
5 0.67109375 0.40234375 0.078125 0.14375
5 0.43828125 0.21328125 0.0734375 0.134375
5 0.61171875 0.28515625 0.0859375 0.128125
5 0.359375 0.46328125 0.1 0.178125
5 0.67109375 0.29765625 0.0625 0.103125
5 0.53828125 0.56171875 0.1125 0.1453125
5 0.80078125 0.38046875 0.0921875 0.1203125
5 0.640625 0.184375 0.078125 0.1375
5 0.45625 0.50390625 0.0734375 0.0921875
5 0.5625 0.69140625 0.0984375 0.140625
5 0.3921875 0.690625 0.1015625 0.1265625
5 0.6328125 0.8265625 0.1078125 0.13125
5 0.4109375 0.7921875 0.103125 0.1375
5 0.4859375 0.2765625 0.0796875 0.0953125
5 0.74609375 0.503125 0.0953125 0.1109375
5 0.38515625 0.303125 0.1015625 0.115625
5 0.465625 0.60390625 0.084375 0.109375
5 0.68125 0.534375 0.1140625 0.134375