5 0.409375 0.46171875 0.121875 0.13125
5 0.48359375 0.88515625 0.0796875 0.115625
5 0.7125 0.73125 0.12265625 0.18359375
5 0.6 0.41953125 0.12109375 0.15546875
5 0.428125 0.28515625 0.1390625 0.190625
5 0.5859375 0.40859375 0.0640625 0.1359375
5 0.334375 0.39375 0.07109375 0.13984375
5 0.5765625 0.2171875 0.0671875 0.13125
5 0.4 0.2796875 0.0796875 0.12421875
5 0.6421875 0.4703125 0.09140625 0.17421875
5 0.33984375 0.2890625 0.05703125 0.10078125
5 0.45859375 0.559375 0.10546875 0.140625
5 0.20625 0.36484375 0.08671875 0.11640625
5 0.37578125 0.17734375 0.07109375 0.13359375
5 0.54375 0.50625 0.06953125 0.0890625
5 0.42734375 0.6875 0.0921875 0.13671875
5 0.59765625 0.69609375 0.09609375 0.121875
5 0.35 0.81953125 0.10078125 0.1265625
5 0.5734375 0.79609375 0.096875 0.13203125
5 0.52578125 0.27734375 0.07578125 0.09140625
5 0.25390625 0.48984375 0.08984375 0.10625
5 0.625 0.309375 0.0953125 0.1109375
5 0.52890625 0.60546875 0.0796875 0.1046875
5 0.3171875 0.525 0.10703125 0.1296875