5 0.59609375 0.478125 0.1421875 0.15
5 0.44921875 0.88203125 0.0984375 0.128125
5 0.25078125 0.690625 0.153125 0.2015625
5 0.415625 0.403125 0.146875 0.1734375
5 0.6078125 0.30078125 0.1703125 0.2125
5 0.43125 0.3953125 0.0859375 0.1453125
5 0.68125 0.42421875 0.09375 0.15
5 0.4734375 0.2078125 0.0890625 0.140625
5 0.63671875 0.30078125 0.1 0.1359375
5 0.36484375 0.44609375 0.1203125 0.1875
5 0.69453125 0.3203125 0.0734375 0.109375
5 0.53046875 0.565625 0.128125 0.15625
5 0.8125 0.41796875 0.10625 0.1296875
5 0.678125 0.20390625 0.09375 0.14375
5 0.45546875 0.4984375 0.084375 0.1
5 0.5390625 0.69765625 0.1140625 0.15
5 0.36953125 0.67578125 0.115625 0.1359375
5 0.5921875 0.840625 0.121875 0.1421875
5 0.3765625 0.77890625 0.11875 0.146875
5 0.51328125 0.2765625 0.090625 0.103125
5 0.74375 0.5328125 0.10625 0.1203125
5 0.41015625 0.290625 0.1125 0.1265625
5 0.453125 0.59921875 0.096875 0.1171875
5 0.67578125 0.55625 0.128125 0.146875