5 0.359375 0.44375 0.13203125 0.16328125
5 0.5390625 0.7421875 0.1109375 0.14609375
5 0.75703125 0.69375 0.12734375 0.19453125
5 0.259375 0.78203125 0.1921875 0.1921875
5 0.4953125 0.91796875 0.1453125 0.16328125
5 0.57578125 0.328125 0.134375 0.1875
5 0.35859375 0.45 0.1109375 0.1765625
5 0.48515625 0.91484375 0.12265625 0.16171875
5 0.38515625 0.28671875 0.1015625 0.1640625
5 0.79765625 0.46875 0.08125 0.16328125
5 0.53984375 0.6015625 0.12890625 0.1640625
5 0.459375 0.77734375 0.1125 0.14765625