5 0.446875 0.36484375 0.0859375 0.14765625
5 0.40234375 0.72421875 0.1171875 0.1859375
5 0.66796875 0.5203125 0.125 0.14375
5 0.590625 0.6390625 0.134375 0.15859375
5 0.5046875 0.5140625 0.10390625 0.14375
5 0.609375 0.37578125 0.10546875 0.09765625
5 0.67734375 0.37109375 0.0796875 0.14609375
5 0.33984375 0.46015625 0.1171875 0.15390625
5 0.60390625 0.35234375 0.08359375 0.1296875
5 0.65859375 0.51796875 0.0984375 0.1265625
5 0.49921875 0.52265625 0.0796875 0.14296875
5 0.38828125 0.7203125 0.12109375 0.1734375
5 0.50546875 0.3421875 0.0734375 0.10234375
5 0.565625 0.503125 0.065625 0.13671875
5 0.41953125 0.49921875 0.0921875 0.0765625
5 0.4453125 0.64140625 0.075 0.14296875
5 0.71328125 0.46640625 0.07578125 0.0921875
5 0.31171875 0.44453125 0.06015625 0.1125
5 0.365625 0.39140625 0.0875 0.103125
5 0.74921875 0.56484375 0.05546875 0.13203125
5 0.321875 0.5765625 0.08046875 0.08515625