5 0.44921875 0.3640625 0.0890625 0.1484375
5 0.3984375 0.72265625 0.1203125 0.1875
5 0.66796875 0.5234375 0.128125 0.1453125
5 0.58828125 0.640625 0.1375 0.1609375
5 0.5046875 0.5140625 0.10625 0.1453125
5 0.61171875 0.37734375 0.1078125 0.1
5 0.6796875 0.37421875 0.0828125 0.146875
5 0.340625 0.45703125 0.1203125 0.15625
5 0.60625 0.35390625 0.0859375 0.13125
5 0.65859375 0.52109375 0.1 0.128125
5 0.4984375 0.52265625 0.0828125 0.14375
5 0.384375 0.71796875 0.1234375 0.175
5 0.50859375 0.3421875 0.075 0.103125
5 0.565625 0.50390625 0.06875 0.1375
5 0.41953125 0.49765625 0.09375 0.078125
5 0.44296875 0.640625 0.078125 0.14375
5 0.7140625 0.4703125 0.078125 0.09375
5 0.3125 0.44140625 0.0625 0.1140625
5 0.3671875 0.3890625 0.0890625 0.1046875
5 0.7484375 0.56953125 0.0578125 0.1328125
5 0.3203125 0.5734375 0.08125 0.0859375