5 0.43984375 0.36796875 0.09375 0.1515625
5 0.4140625 0.72890625 0.1265625 0.1921875
5 0.66875 0.51171875 0.1328125 0.15
5 0.59765625 0.634375 0.1421875 0.165625
5 0.50546875 0.5140625 0.1109375 0.1484375
5 0.60234375 0.3703125 0.1109375 0.103125
5 0.6703125 0.36171875 0.0875 0.15
5 0.33828125 0.46875 0.125 0.159375
5 0.59609375 0.346875 0.090625 0.134375
5 0.659375 0.509375 0.1046875 0.13125
5 0.50078125 0.52265625 0.0875 0.146875
5 0.4 0.72578125 0.1296875 0.1796875
5 0.496875 0.3421875 0.078125 0.10625
5 0.565625 0.5 0.0734375 0.140625
5 0.41953125 0.503125 0.0953125 0.08125
5 0.453125 0.64375 0.0828125 0.146875
5 0.7109375 0.45546875 0.08125 0.0953125
5 0.309375 0.4546875 0.065625 0.115625
5 0.36015625 0.3984375 0.0921875 0.1078125
5 0.75234375 0.5515625 0.0625 0.134375
5 0.32578125 0.5859375 0.084375 0.0890625