2 0.45 0.28046875 0.059375 0.0703125
2 0.33359375 0.38125 0.1140625 0.075
5 0.55234375 0.55078125 0.0625 0.0515625
5 0.53984375 0.609375 0.0640625 0.053125
5 0.5609375 0.34453125 0.0890625 0.084375
2 0.41953125 0.55625 0.096875 0.0625
2 0.45859375 0.29140625 0.0546875 0.0515625
2 0.31015625 0.371875 0.103125 0.084375
2 0.4265625 0.565625 0.065625 0.0546875
2 0.52109375 0.271875 0.0671875 0.05625
2 0.496875 0.246875 0.0671875 0.0703125
2 0.23125 0.4078125 0.0859375 0.0671875
2 0.46875 0.21484375 0.0515625 0.034375
5 0.47734375 0.3296875 0.0453125 0.0484375
2 0.66875 0.3203125 0.0796875 0.08125
2 0.3796875 0.52421875 0.053125 0.0625
5 0.4921875 0.62109375 0.05 0.05
2 0.303125 0.2609375 0.0734375 0.0875
2 0.2125 0.34375 0.046875 0.04375
5 0.58984375 0.66015625 0.05 0.0734375