2 0.43515625 0.284375 0.0546875 0.06875
2 0.32578125 0.39296875 0.1109375 0.0671875
5 0.55546875 0.546875 0.059375 0.0484375
5 0.546875 0.60625 0.0625 0.0484375
5 0.55 0.340625 0.084375 0.0796875
2 0.4234375 0.56171875 0.09375 0.05625
2 0.44453125 0.2953125 0.0515625 0.0484375
2 0.3015625 0.38515625 0.1 0.0796875
2 0.43125 0.57109375 0.0625 0.0515625
2 0.50546875 0.2703125 0.0640625 0.0515625
2 0.47890625 0.24765625 0.0625 0.0671875
2 0.22578125 0.4265625 0.08125 0.0625
2 0.4484375 0.21796875 0.05 0.03125
5 0.465625 0.33125 0.0421875 0.046875
2 0.65546875 0.30859375 0.075 0.0765625
2 0.38203125 0.5328125 0.0484375 0.059375
5 0.5 0.621875 0.046875 0.046875
2 0.28671875 0.275 0.06875 0.0828125
2 0.20234375 0.3640625 0.04375 0.040625
5 0.60078125 0.653125 0.046875 0.071875