2 0.41640625 0.290625 0.04921875 0.0640625
2 0.3171875 0.40859375 0.10625 0.05859375
5 0.559375 0.5421875 0.05625 0.04375
5 0.55625 0.6015625 0.05859375 0.04375
5 0.5359375 0.33671875 0.078125 0.07265625
2 0.42890625 0.56796875 0.08984375 0.04921875
2 0.4265625 0.30078125 0.0484375 0.04375
2 0.2921875 0.403125 0.09375 0.07109375
2 0.4375 0.5765625 0.059375 0.04609375
2 0.48515625 0.27109375 0.06015625 0.046875
2 0.45703125 0.25078125 0.0578125 0.0625
2 0.2203125 0.45078125 0.07734375 0.05625
2 0.42421875 0.2234375 0.04765625 0.02734375
5 0.45078125 0.33515625 0.0390625 0.04296875
2 0.63828125 0.29609375 0.06875 0.07109375
2 0.38515625 0.54296875 0.04453125 0.05546875
5 0.5109375 0.62109375 0.04296875 0.04375
2 0.26796875 0.29453125 0.06171875 0.078125
2 0.19140625 0.390625 0.04140625 0.0375
5 0.6140625 0.64375 0.040625 0.06796875