3 0.65546875 0.6421875 0.315625 0.284375
3 0.63046875 0.4234375 0.16875 0.1390625
5 0.75078125 0.4375 0.115625 0.1390625
5 0.56640625 0.74921875 0.1109375 0.196875
3 0.65625 0.65859375 0.3 0.29375
5 0.59140625 0.50859375 0.0765625 0.1078125
3 0.740625 0.61171875 0.1296875 0.1515625
2 0.353125 0.73671875 0.059375 0.1078125
2 0.3515625 0.7171875 0.071875 0.1109375
2 0.20546875 0.734375 0.059375 0.0953125
2 0.3015625 0.60625 0.084375 0.09375
2 0.33828125 0.72734375 0.03125 0.0515625
2 0.2140625 0.725 0.03125 0.0453125