3 0.64453125 0.653125 0.2984375 0.2640625
3 0.6359375 0.4328125 0.1609375 0.128125
5 0.7546875 0.4546875 0.10625 0.1328125
5 0.54921875 0.753125 0.0984375 0.190625
3 0.6453125 0.66953125 0.2828125 0.275
5 0.590625 0.51484375 0.0703125 0.103125
3 0.73203125 0.628125 0.1203125 0.14375
2 0.33671875 0.72578125 0.0515625 0.1046875
2 0.3375 0.70625 0.0640625 0.1078125
2 0.18984375 0.71328125 0.0546875 0.0921875
2 0.29453125 0.5921875 0.078125 0.0890625
2 0.32265625 0.715625 0.028125 0.05
2 0.19921875 0.7046875 0.028125 0.04375