3 0.6421875 0.65546875 0.29453125 0.259375
3 0.63671875 0.43515625 0.15859375 0.12578125
5 0.75546875 0.459375 0.1046875 0.13046875
5 0.54453125 0.75390625 0.09453125 0.1890625
3 0.6421875 0.671875 0.278125 0.2703125
5 0.590625 0.51640625 0.06875 0.1015625
3 0.7296875 0.63203125 0.1171875 0.14140625
2 0.3328125 0.72265625 0.05 0.10390625
2 0.33359375 0.703125 0.0625 0.10625
2 0.1859375 0.7078125 0.05234375 0.09140625
2 0.29296875 0.58828125 0.07734375 0.0875
2 0.31875 0.7125 0.02734375 0.04921875
2 0.1953125 0.69921875 0.028125 0.04375