0 0.63046875 0.43125 0.084375 0.0578125
5 0.67734375 0.6921875 0.0734375 0.084375
5 0.553125 0.6734375 0.0765625 0.1078125
0 0.28671875 0.5515625 0.071875 0.0875
0 0.725 0.48984375 0.0546875 0.071875
0 0.59140625 0.42734375 0.1671875 0.0984375
0 0.69375 0.50078125 0.1171875 0.0984375
5 0.69453125 0.6171875 0.071875 0.0953125
5 0.4796875 0.69453125 0.0921875 0.1171875
5 0.584375 0.7125 0.0609375 0.0578125
5 0.51328125 0.7375 0.0609375 0.0625
5 0.50703125 0.5609375 0.0890625 0.0703125
5 0.44765625 0.79609375 0.071875 0.05