0 0.3625 0.44765625 0.0796875 0.0484375
5 0.34765625 0.7125 0.0640625 0.07734375
5 0.46875 0.67890625 0.06484375 0.10078125
0 0.71796875 0.525 0.0625 0.08046875
0 0.27578125 0.5171875 0.04765625 0.06640625
0 0.40078125 0.4390625 0.159375 0.07890625
0 0.3078125 0.52421875 0.1078125 0.08671875
5 0.32109375 0.63984375 0.0609375 0.0890625
5 0.54375 0.690625 0.0796875 0.1078125
5 0.4421875 0.72109375 0.0546875 0.0515625
5 0.515625 0.7375 0.05390625 0.05703125
5 0.50078125 0.5609375 0.08203125 0.0609375
5 0.58828125 0.7875 0.0671875 0.04140625