0 0.35625 0.46953125 0.0859375 0.0609375
5 0.3828125 0.73359375 0.075 0.0859375
5 0.496875 0.68125 0.0796875 0.109375
0 0.71953125 0.490625 0.075 0.0890625
0 0.28125 0.55234375 0.0578125 0.0734375
0 0.3921875 0.45546875 0.1703125 0.103125
0 0.3140625 0.55390625 0.1203125 0.103125
5 0.3453125 0.66640625 0.0734375 0.096875
5 0.57265625 0.68125 0.0953125 0.11875
5 0.47734375 0.72734375 0.0625 0.059375
5 0.55234375 0.73203125 0.0625 0.0640625
5 0.51015625 0.56015625 0.090625 0.0734375
5 0.63203125 0.7703125 0.0734375 0.0515625