2 0.453125 0.640625 0.07890625 0.11015625
2 0.5765625 0.4140625 0.065625 0.0828125
2 0.2640625 0.72890625 0.11328125 0.0515625
5 0.32265625 0.63984375 0.08046875 0.1015625
5 0.5203125 0.50859375 0.10859375 0.1484375
5 0.5390625 0.72109375 0.04765625 0.0796875
5 0.15703125 0.5125 0.05625 0.0765625
2 0.28671875 0.72734375 0.13359375 0.11171875
5 0.1515625 0.50546875 0.040625 0.075
5 0.521875 0.4921875 0.10625 0.15
5 0.36875 0.36875 0.14453125 0.1640625
2 0.5640625 0.61875 0.071875 0.0921875
2 0.36484375 0.77265625 0.0640625 0.04375
2 0.3828125 0.5140625 0.075 0.11015625
2 0.10546875 0.64765625 0.059375 0.0875
2 0.21484375 0.42890625 0.1046875 0.14375
2 0.0890625 0.55546875 0.08203125 0.15
2 0.38046875 0.6546875 0.06328125 0.07890625
2 0.2328125 0.5953125 0.08828125 0.1078125