2 0.51640625 0.64765625 0.1 0.1234375
2 0.44296875 0.4 0.08125 0.0953125
2 0.6828125 0.77265625 0.121875 0.0734375
5 0.64453125 0.6734375 0.1 0.115625
5 0.478125 0.50390625 0.1375 0.1671875
5 0.415625 0.7078125 0.0625 0.0875
5 0.8328125 0.58359375 0.0703125 0.0859375
2 0.66171875 0.76640625 0.153125 0.1375
5 0.83984375 0.578125 0.0546875 0.08125
5 0.48046875 0.4875 0.134375 0.16875
5 0.65546875 0.39921875 0.175 0.190625
2 0.4125 0.603125 0.0890625 0.1046875
2 0.57578125 0.79453125 0.071875 0.05625
2 0.61171875 0.53828125 0.096875 0.1234375
2 0.85546875 0.7265625 0.0765625 0.0984375
2 0.79375 0.48984375 0.1328125 0.1625
2 0.890625 0.63984375 0.1109375 0.1640625
2 0.584375 0.67578125 0.078125 0.090625
2 0.74140625 0.6484375 0.109375 0.1234375