2 0.44375 0.63671875 0.0859375 0.115625
2 0.58203125 0.41953125 0.071875 0.0875
2 0.2484375 0.71171875 0.1171875 0.059375
5 0.31328125 0.62734375 0.0875 0.10625
5 0.51953125 0.51015625 0.11875 0.15625
5 0.5234375 0.7234375 0.053125 0.0828125
5 0.15703125 0.48828125 0.0609375 0.0796875
2 0.27109375 0.71171875 0.140625 0.1203125
5 0.15234375 0.48125 0.0453125 0.078125
5 0.52265625 0.49375 0.1171875 0.1578125
5 0.378125 0.36015625 0.15625 0.1734375
2 0.55546875 0.62265625 0.078125 0.096875
2 0.34609375 0.7625 0.0671875 0.0484375
2 0.38203125 0.50546875 0.0828125 0.115625
2 0.09609375 0.61953125 0.065625 0.0921875
2 0.2203125 0.409375 0.1140625 0.15
2 0.0859375 0.5265625 0.0921875 0.1546875
2 0.3703125 0.64609375 0.06875 0.0828125
2 0.2265625 0.5765625 0.0953125 0.1140625