0 0.38203125 0.49609375 0.1890625 0.115625
0 0.51015625 0.71171875 0.1484375 0.1296875
0 0.67109375 0.8046875 0.18125 0.1453125
0 0.65859375 0.584375 0.1953125 0.1203125
5 0.425 0.621875 0.0734375 0.05625
5 0.45234375 0.846875 0.103125 0.078125
5 0.53828125 0.41640625 0.078125 0.065625
5 0.43359375 0.846875 0.115625 0.065625
0 0.67890625 0.5828125 0.1125 0.1109375
5 0.534375 0.4015625 0.0828125 0.0671875
5 0.48828125 0.57890625 0.053125 0.053125
5 0.37265625 0.6625 0.0734375 0.0640625
5 0.35390625 0.61015625 0.0578125 0.0515625
5 0.59375 0.5359375 0.0609375 0.0578125
5 0.546875 0.559375 0.0671875 0.0484375
5 0.46875 0.43515625 0.0640625 0.059375
5 0.35234375 0.75390625 0.0640625 0.05
0 0.62734375 0.725 0.10625 0.109375
5 0.2671875 0.61953125 0.065625 0.053125
0 0.4046875 0.8859375 0.1640625 0.1125
5 0.38984375 0.61796875 0.1328125 0.09375