0 0.61796875 0.50625 0.1953125 0.13125
0 0.471875 0.71015625 0.15625 0.140625
0 0.303125 0.7890625 0.190625 0.159375
0 0.334375 0.5703125 0.2015625 0.134375
5 0.5640625 0.628125 0.0765625 0.0625
5 0.5171875 0.85 0.1078125 0.0859375
5 0.46953125 0.41328125 0.08125 0.071875
5 0.5359375 0.8515625 0.11875 0.0734375
0 0.3140625 0.5671875 0.1203125 0.11875
5 0.47421875 0.3984375 0.0875 0.0734375
5 0.5046875 0.5796875 0.05625 0.05625
5 0.61328125 0.67265625 0.078125 0.0703125
5 0.6359375 0.62265625 0.0609375 0.05625
5 0.403125 0.52734375 0.0640625 0.0609375
5 0.4484375 0.55546875 0.0703125 0.0546875
5 0.53671875 0.43828125 0.06875 0.0640625
5 0.625 0.765625 0.0671875 0.0546875
0 0.35390625 0.71328125 0.1140625 0.115625
5 0.72109375 0.6390625 0.06875 0.0578125
0 0.56171875 0.8921875 0.1703125 0.125
5 0.6 0.62734375 0.1375 0.103125