0 0.6171875 0.4859375 0.18046875 0.10078125
0 0.50859375 0.71171875 0.13828125 0.11796875
0 0.35625 0.81875 0.1703125 0.13125
0 0.34921875 0.59765625 0.18671875 0.10390625
5 0.58515625 0.61484375 0.06953125 0.05078125
5 0.57734375 0.84140625 0.096875 0.06953125
5 0.4546875 0.4203125 0.07265625 0.06015625
5 0.59609375 0.83984375 0.1109375 0.05546875
0 0.32890625 0.5984375 0.1046875 0.10234375
5 0.45703125 0.4046875 0.07734375 0.0609375
5 0.51875 0.57734375 0.0484375 0.04921875
5 0.64140625 0.65078125 0.06875 0.05859375
5 0.65546875 0.596875 0.05390625 0.04765625
5 0.409375 0.54375 0.05625 0.05234375
5 0.45859375 0.56328125 0.0640625 0.04375
5 0.52578125 0.4328125 0.06015625 0.0546875
5 0.66953125 0.73984375 0.06015625 0.04453125
0 0.39296875 0.73515625 0.0984375 0.10078125
5 0.7421875 0.5984375 0.06171875 0.04765625
0 0.62890625 0.87578125 0.15546875 0.1
5 0.6203125 0.6078125 0.12578125 0.0828125