5 0.60234375 0.52578125 0.2109375 0.1015625
5 0.58046875 0.31796875 0.1765625 0.153125
5 0.70234375 0.64140625 0.115625 0.1828125
5 0.15859375 0.6546875 0.209375 0.1296875
5 0.4359375 0.32109375 0.1515625 0.2
5 0.61484375 0.525 0.1828125 0.0921875
5 0.4515625 0.315625 0.09375 0.1640625
5 0.57890625 0.315625 0.1625 0.165625
5 0.14140625 0.540625 0.128125 0.1390625
5 0.43359375 0.48359375 0.128125 0.1578125
5 0.784375 0.4765625 0.1546875 0.1109375
5 0.7890625 0.6671875 0.09375 0.1171875
5 0.46875 0.88515625 0.2 0.090625