5 0.39453125 0.50390625 0.20234375 0.0609375
5 0.459375 0.30546875 0.1546875 0.1234375
5 0.27265625 0.59609375 0.0828125 0.16875
5 0.8015625 0.721875 0.19453125 0.09140625
5 0.6 0.33828125 0.1171875 0.1796875
5 0.3828125 0.50078125 0.175 0.0578125
5 0.5859375 0.3296875 0.06328125 0.15390625
5 0.4609375 0.303125 0.1359375 0.140625
5 0.8421875 0.6140625 0.10625 0.11953125
5 0.56875 0.49765625 0.10078125 0.140625
5 0.2265625 0.41796875 0.13984375 0.084375
5 0.1828125 0.603125 0.0734375 0.1046875
5 0.45078125 0.88359375 0.19296875 0.05234375