5 0.39609375 0.48203125 0.2109375 0.1015625
5 0.50078125 0.3015625 0.1765625 0.153125
5 0.2578125 0.546875 0.115625 0.1828125
5 0.74921875 0.7796875 0.209375 0.1296875
5 0.63125 0.3625 0.1515625 0.2
5 0.38515625 0.4765625 0.1828125 0.0921875
5 0.61953125 0.3515625 0.09375 0.1640625
5 0.50234375 0.29921875 0.1625 0.165625
5 0.8109375 0.6828125 0.128125 0.1390625
5 0.56796875 0.51171875 0.128125 0.1578125
5 0.24921875 0.36328125 0.1546875 0.1109375
5 0.16796875 0.53515625 0.09375 0.1171875
5 0.371875 0.86484375 0.2 0.090625