3 0.55859375 0.290625 0.1796875 0.275
3 0.51640625 0.79296875 0.2265625 0.3421875
0 0.59921875 0.53828125 0.0875 0.1109375
0 0.80234375 0.36171875 0.0703125 0.0921875
0 0.85390625 0.6484375 0.128125 0.14375
0 0.5421875 0.59609375 0.06875 0.0734375
0 0.61875 0.61015625 0.1015625 0.0984375
0 0.71484375 0.60703125 0.0609375 0.0890625
0 0.8234375 0.63125 0.0609375 0.09375
0 0.55390625 0.45390625 0.071875 0.084375
3 0.86171875 0.50625 0.153125 0.2203125
3 0.7859375 0.8203125 0.203125 0.2296875
0 0.61875 0.6953125 0.065625 0.084375
0 0.40078125 0.52734375 0.0625 0.075
0 0.76015625 0.38359375 0.0546875 0.0828125
0 0.953125 0.8296875 0.0421875 0.0640625
0 0.6015625 0.7640625 0.0671875 0.090625