3 0.59375 0.30390625 0.1375 0.2546875
3 0.465625 0.79140625 0.17421875 0.3171875
0 0.59140625 0.5546875 0.0703125 0.10078125
0 0.821875 0.41640625 0.05625 0.08359375
0 0.82265625 0.7078125 0.1078125 0.12734375
0 0.525 0.60234375 0.0578125 0.0640625
0 0.59765625 0.62890625 0.08828125 0.084375
0 0.69296875 0.64296875 0.04765625 0.08125
0 0.79609375 0.68515625 0.046875 0.0875
0 0.5609375 0.4640625 0.06015625 0.07578125
3 0.85546875 0.56875 0.1203125 0.20234375
3 0.72578125 0.86484375 0.1703125 0.20390625
0 0.5828125 0.71328125 0.053125 0.0765625
0 0.39765625 0.509375 0.0515625 0.0671875
0 0.7765625 0.43046875 0.04140625 0.0765625
0 0.8890625 0.903125 0.03203125 0.06015625
0 0.55390625 0.77734375 0.05390625 0.08203125