3 0.3734375 0.3234375 0.1796875 0.275
3 0.584375 0.78125 0.2265625 0.3421875
0 0.41953125 0.56953125 0.0875 0.1109375
0 0.16875 0.4734375 0.0703125 0.0921875
0 0.21796875 0.7609375 0.128125 0.14375
0 0.49296875 0.60546875 0.06875 0.0734375
0 0.4265625 0.64375 0.1015625 0.0984375
0 0.33515625 0.67421875 0.0609375 0.0890625
0 0.240625 0.73359375 0.0609375 0.09375
0 0.43359375 0.475 0.071875 0.084375
3 0.16171875 0.6296875 0.153125 0.2203125
3 0.340625 0.89140625 0.203125 0.2171875
0 0.45546875 0.72421875 0.065625 0.084375
0 0.60234375 0.49140625 0.0625 0.075
0 0.215625 0.4796875 0.0546875 0.0828125
0 0.18671875 0.96484375 0.0421875 0.0640625
0 0.4953125 0.7828125 0.0671875 0.090625