5 0.63984375 0.4640625 0.0796875 0.0703125
5 0.4765625 0.41796875 0.1015625 0.06875
2 0.73203125 0.6859375 0.0703125 0.0546875
2 0.74140625 0.50625 0.0734375 0.0515625
2 0.39375 0.284375 0.0625 0.0578125
5 0.7453125 0.45234375 0.05625 0.0484375
5 0.5640625 0.38515625 0.0734375 0.053125
5 0.49140625 0.41953125 0.084375 0.0640625
5 0.534375 0.5171875 0.096875 0.0734375
2 0.72890625 0.6703125 0.1109375 0.103125
5 0.646875 0.46328125 0.071875 0.0703125
2 0.6265625 0.72109375 0.1046875 0.0875
2 0.7890625 0.71484375 0.1109375 0.1078125
5 0.48046875 0.64609375 0.0796875 0.059375