5 0.38203125 0.41640625 0.078125 0.06875
5 0.5515625 0.43125 0.1 0.0640625
2 0.21640625 0.590625 0.06875 0.0515625
2 0.27265625 0.41953125 0.071875 0.0484375
2 0.6765625 0.33671875 0.0609375 0.05625
5 0.28828125 0.36796875 0.0546875 0.046875
5 0.48125 0.36953125 0.071875 0.05
5 0.53671875 0.428125 0.08125 0.0609375
5 0.46171875 0.503125 0.0953125 0.06875
2 0.225 0.5765625 0.10625 0.0984375
5 0.37578125 0.41328125 0.06875 0.06875
2 0.303125 0.6609375 0.1015625 0.084375
2 0.153125 0.596875 0.10625 0.103125
5 0.46640625 0.64296875 0.078125 0.05625