5 0.3703125 0.4359375 0.06953125 0.0578125
5 0.53984375 0.42421875 0.09375 0.05078125
2 0.234375 0.63359375 0.06328125 0.0421875
2 0.2625 0.45625 0.06640625 0.03828125
2 0.6484375 0.3109375 0.05390625 0.04765625
5 0.2703125 0.40234375 0.0484375 0.03984375
5 0.4609375 0.37421875 0.0671875 0.03984375
5 0.525 0.4234375 0.075 0.05
5 0.4625 0.509375 0.0875 0.05625
2 0.240625 0.61875 0.09453125 0.08515625
5 0.3640625 0.43359375 0.0609375 0.059375
2 0.33046875 0.68984375 0.09140625 0.0703125
2 0.17265625 0.65 0.09375 0.08984375
5 0.4890625 0.646875 0.07109375 0.04609375