5 0.40078125 0.52734375 0.1875 0.1375
5 0.5328125 0.81875 0.096875 0.1203125
5 0.34921875 0.68984375 0.1859375 0.153125
5 0.76953125 0.59375 0.1234375 0.1734375
5 0.671875 0.6734375 0.1109375 0.121875
5 0.2625 0.55703125 0.08125 0.1484375
5 0.61328125 0.7609375 0.115625 0.1078125
5 0.53984375 0.134375 0.08125 0.071875
5 0.5359375 0.14375 0.075 0.0703125
5 0.44140625 0.50390625 0.084375 0.1421875
5 0.19296875 0.50078125 0.084375 0.0953125
5 0.38515625 0.17421875 0.06875 0.071875
5 0.66328125 0.81328125 0.0640625 0.0984375
5 0.71328125 0.77734375 0.059375 0.090625
5 0.21484375 0.43359375 0.0796875 0.0703125
5 0.61171875 0.234375 0.05625 0.0921875
5 0.67578125 0.27578125 0.065625 0.0703125
5 0.39375 0.66640625 0.0875 0.0859375
5 0.7328125 0.38359375 0.078125 0.0890625
5 0.30078125 0.234375 0.0828125 0.0875
5 0.3796875 0.73203125 0.090625 0.096875
5 0.31796875 0.6125 0.0625 0.1125
5 0.5703125 0.19296875 0.0515625 0.0921875
5 0.67109375 0.7328125 0.0640625 0.06875
5 0.271875 0.3171875 0.0734375 0.0734375
5 0.2265625 0.63359375 0.0640625 0.1171875
5 0.4296875 0.096875 0.059375 0.071875
5 0.78671875 0.55078125 0.0703125 0.1015625