5 0.5984375 0.53046875 0.1921875 0.14375
5 0.45625 0.8171875 0.1015625 0.1234375
5 0.64375 0.6953125 0.190625 0.159375
5 0.22734375 0.584375 0.1296875 0.1765625
5 0.321875 0.6671875 0.1140625 0.125
5 0.73515625 0.565625 0.0859375 0.15
5 0.378125 0.75625 0.11875 0.1109375
5 0.4734375 0.13359375 0.084375 0.075
5 0.4765625 0.1421875 0.0765625 0.071875
5 0.55859375 0.50625 0.0890625 0.14375
5 0.80703125 0.51171875 0.0875 0.0984375
5 0.6265625 0.17890625 0.071875 0.075
5 0.3265625 0.8078125 0.0671875 0.1
5 0.2765625 0.76953125 0.0625 0.0921875
5 0.7875 0.44375 0.0828125 0.071875
5 0.39765625 0.23046875 0.059375 0.09375
5 0.33203125 0.26953125 0.0671875 0.071875
5 0.60078125 0.6703125 0.090625 0.0890625
5 0.27109375 0.37578125 0.0796875 0.090625
5 0.70859375 0.24140625 0.0859375 0.0890625
5 0.61171875 0.73671875 0.09375 0.1
5 0.67734375 0.61875 0.065625 0.1140625
5 0.440625 0.190625 0.0546875 0.09375
5 0.3203125 0.72734375 0.065625 0.0703125
5 0.734375 0.325 0.0765625 0.0765625
5 0.76875 0.64296875 0.0671875 0.11875
5 0.584375 0.09921875 0.0625 0.0734375
5 0.21171875 0.540625 0.0734375 0.103125