5 0.60078125 0.5203125 0.1796875 0.12578125
5 0.48984375 0.8203125 0.08984375 0.11484375
5 0.66328125 0.67890625 0.1765625 0.14140625
5 0.2375 0.6125 0.1125 0.165625
5 0.340625 0.68515625 0.103125 0.11484375
5 0.740625 0.540625 0.07109375 0.14375
5 0.40546875 0.76796875 0.10859375 0.1
5 0.43515625 0.13828125 0.07734375 0.0671875
5 0.4390625 0.146875 0.0703125 0.06484375
5 0.55859375 0.5 0.07578125 0.13671875
5 0.80625 0.4796875 0.07890625 0.090625
5 0.5921875 0.1671875 0.06484375 0.06796875
5 0.359375 0.82421875 0.05703125 0.0953125
5 0.30625 0.79140625 0.05390625 0.0875
5 0.7796875 0.4140625 0.07578125 0.06484375
5 0.3703125 0.24296875 0.05 0.08828125
5 0.30859375 0.28828125 0.0609375 0.06640625
5 0.61796875 0.65859375 0.08203125 0.08046875
5 0.259375 0.4 0.071875 0.08359375
5 0.68046875 0.22109375 0.07734375 0.08203125
5 0.6359375 0.7234375 0.084375 0.09140625
5 0.6890625 0.59921875 0.0546875 0.10859375
5 0.40859375 0.1984375 0.0453125 0.08984375
5 0.3453125 0.74453125 0.059375 0.0640625
5 0.71484375 0.3015625 0.06953125 0.06953125
5 0.78203125 0.6140625 0.05546875 0.1140625
5 0.5421875 0.09296875 0.05546875 0.06796875
5 0.2171875 0.5703125 0.06328125 0.09765625