5 0.60703125 0.546875 0.1453125 0.065625
5 0.7546875 0.6390625 0.08125 0.090625
5 0.48125 0.60390625 0.1 0.0515625
5 0.58046875 0.74765625 0.1828125 0.1109375
5 0.63125 0.44609375 0.178125 0.0953125
5 0.403125 0.51328125 0.128125 0.090625
5 0.61796875 0.54921875 0.1125 0.053125
5 0.759375 0.63359375 0.0640625 0.078125
5 0.37265625 0.5203125 0.1109375 0.059375
5 0.6328125 0.753125 0.115625 0.0953125
5 0.6796875 0.453125 0.15625 0.1296875
5 0.71171875 0.665625 0.071875 0.0546875
5 0.74765625 0.69453125 0.0796875 0.0625
5 0.48984375 0.6375 0.078125 0.0578125
5 0.57578125 0.69296875 0.0796875 0.0625
5 0.71015625 0.50078125 0.0546875 0.0609375
5 0.8203125 0.4765625 0.0640625 0.053125
5 0.8125 0.68515625 0.0640625 0.05625
5 0.36796875 0.403125 0.08125 0.05625
5 0.43671875 0.62578125 0.0703125 0.05
5 0.50546875 0.66875 0.0703125 0.059375
5 0.6734375 0.39921875 0.0734375 0.0484375
5 0.51640625 0.5234375 0.0421875 0.04375
5 0.728125 0.4296875 0.0578125 0.046875