5 0.38671875 0.52734375 0.140625 0.0421875
5 0.225 0.59296875 0.06796875 0.0796875
5 0.50078125 0.60546875 0.09453125 0.0359375
5 0.378125 0.7296875 0.171875 0.08203125
5 0.38046875 0.42421875 0.16875 0.0671875
5 0.59296875 0.5296875 0.1171875 0.07109375
5 0.375 0.528125 0.10859375 0.034375
5 0.22109375 0.58671875 0.05234375 0.0703125
5 0.621875 0.5421875 0.1046875 0.0421875
5 0.325 0.72578125 0.103125 0.07890625
5 0.33125 0.42265625 0.13984375 0.1078125
5 0.2625 0.6265625 0.065625 0.04453125
5 0.22265625 0.6484375 0.071875 0.05078125
5 0.4859375 0.6375 0.07109375 0.046875
5 0.3921875 0.6765625 0.07265625 0.05078125
5 0.29296875 0.4640625 0.04609375 0.05390625
5 0.18828125 0.42109375 0.05703125 0.04375
5 0.16015625 0.628125 0.05703125 0.04765625
5 0.646875 0.42734375 0.075 0.04453125
5 0.540625 0.63515625 0.06484375 0.03984375
5 0.465625 0.665625 0.0625 0.05
5 0.346875 0.3703125 0.0671875 0.0375
5 0.4796875 0.5203125 0.0359375 0.0375
5 0.2875 0.39140625 0.05234375 0.03828125