5 0.45 0.42578125 0.1625 0.128125
5 0.375 0.32734375 0.04609375 0.03515625
5 0.67890625 0.52421875 0.06171875 0.0453125
5 0.30546875 0.52109375 0.15390625 0.1125
5 0.2984375 0.43046875 0.15234375 0.09609375
5 0.73828125 0.6296875 0.06171875 0.0484375
5 0.7328125 0.6296875 0.046875 0.03828125
5 0.29609375 0.43515625 0.134375 0.10546875
5 0.5578125 0.41875 0.03984375 0.03515625
5 0.75390625 0.56015625 0.046875 0.03671875
5 0.73984375 0.4453125 0.04609375 0.03984375
5 0.58203125 0.39140625 0.04296875 0.0421875
5 0.4796875 0.59375 0.05234375 0.04140625
5 0.73828125 0.59375 0.04296875 0.0390625
5 0.40859375 0.49609375 0.03671875 0.0390625
5 0.7328125 0.6703125 0.04296875 0.03828125
5 0.246875 0.325 0.03203125 0.03671875
5 0.60234375 0.49296875 0.04375 0.03359375
5 0.21796875 0.47890625 0.0390625 0.03203125
5 0.490625 0.2890625 0.03828125 0.0296875
5 0.37890625 0.6515625 0.0421875 0.0375
5 0.4078125 0.35 0.0359375 0.03046875
5 0.7921875 0.51796875 0.03984375 0.04140625
5 0.6609375 0.396875 0.03359375 0.0453125
5 0.44296875 0.36875 0.03984375 0.0265625
5 0.55078125 0.63125 0.05703125 0.0484375
5 0.44453125 0.77109375 0.04765625 0.04140625
5 0.83125 0.48671875 0.0453125 0.04453125
5 0.3140625 0.2796875 0.0453125 0.03515625
5 0.53046875 0.38515625 0.0421875 0.0390625
5 0.19609375 0.4578125 0.04609375 0.04453125