5 0.5375 0.41875 0.18125 0.1515625
5 0.59609375 0.31015625 0.0515625 0.0421875
5 0.32734375 0.5515625 0.06875 0.0546875
5 0.6953125 0.490625 0.1703125 0.1359375
5 0.68828125 0.4 0.165625 0.11875
5 0.28515625 0.665625 0.06875 0.0578125
5 0.290625 0.66484375 0.0515625 0.0453125
5 0.69140625 0.40390625 0.15 0.125
5 0.43046875 0.42890625 0.0453125 0.040625
5 0.25859375 0.59921875 0.0515625 0.04375
5 0.2546875 0.48359375 0.0515625 0.046875
5 0.40234375 0.40546875 0.0484375 0.0484375
5 0.534375 0.5890625 0.0578125 0.0484375
5 0.2796875 0.6296875 0.0484375 0.0453125
5 0.58984375 0.48203125 0.0421875 0.04375
5 0.296875 0.7046875 0.0484375 0.0453125
5 0.72265625 0.2875 0.0375 0.040625
5 0.39765625 0.509375 0.0484375 0.040625
5 0.775 0.43515625 0.04375 0.0375
5 0.4765625 0.28984375 0.0421875 0.0359375
5 0.64296875 0.63046875 0.046875 0.04375
5 0.56796875 0.3375 0.040625 0.0359375
5 0.2140625 0.56328125 0.0453125 0.046875
5 0.325 0.4234375 0.040625 0.05
5 0.5359375 0.36171875 0.04375 0.0328125
5 0.4703125 0.6375 0.0640625 0.05625
5 0.596875 0.759375 0.053125 0.0484375
5 0.17109375 0.5390625 0.0515625 0.0515625
5 0.64921875 0.253125 0.05 0.0421875
5 0.4515625 0.39140625 0.0484375 0.0453125
5 0.79375 0.4109375 0.053125 0.0515625