5 0.53359375 0.4171875 0.1859375 0.159375
5 0.58671875 0.30546875 0.053125 0.04375
5 0.3296875 0.5609375 0.0703125 0.0578125
5 0.69453125 0.48046875 0.1734375 0.1421875
5 0.6828125 0.38984375 0.16875 0.125
5 0.29375 0.6765625 0.0703125 0.0609375
5 0.29921875 0.675 0.053125 0.046875
5 0.6859375 0.39453125 0.153125 0.13125
5 0.4265625 0.4328125 0.046875 0.0421875
5 0.2640625 0.61171875 0.053125 0.0453125
5 0.25390625 0.49609375 0.053125 0.0484375
5 0.396875 0.4109375 0.0515625 0.05
5 0.5390625 0.5875 0.059375 0.0515625
5 0.28671875 0.64140625 0.05 0.046875
5 0.58828125 0.47734375 0.04375 0.0453125
5 0.3078125 0.71484375 0.05 0.046875
5 0.7109375 0.2765625 0.0390625 0.0421875
5 0.3984375 0.5140625 0.05 0.0421875
5 0.77109375 0.42109375 0.0453125 0.0390625
5 0.465625 0.29140625 0.04375 0.0375
5 0.65 0.6234375 0.0484375 0.0453125
5 0.559375 0.334375 0.0421875 0.0375
5 0.21796875 0.578125 0.046875 0.0484375
5 0.32109375 0.4328125 0.0421875 0.0515625
5 0.528125 0.359375 0.04375 0.034375
5 0.47734375 0.6390625 0.065625 0.059375
5 0.6109375 0.75390625 0.0546875 0.05
5 0.1734375 0.55625 0.053125 0.053125
5 0.6359375 0.24609375 0.0515625 0.04375
5 0.44609375 0.39375 0.05 0.046875
5 0.78828125 0.3953125 0.0546875 0.053125