0 0.38984375 0.42890625 0.08671875 0.0578125
5 0.56328125 0.48359375 0.1265625 0.08515625
0 0.51875 0.203125 0.04609375 0.0375
0 0.17109375 0.528125 0.03671875 0.03515625
5 0.4703125 0.63671875 0.13828125 0.053125
5 0.559375 0.48046875 0.1078125 0.0984375
0 0.49375 0.63515625 0.0890625 0.06484375
0 0.321875 0.38984375 0.09375 0.10234375
5 0.1515625 0.4703125 0.09296875 0.08515625
0 0.4515625 0.6578125 0.07421875 0.06484375
0 0.16875 0.35625 0.09296875 0.0859375
5 0.49140625 0.353125 0.08046875 0.1
5 0.2625 0.3421875 0.0953125 0.0984375
0 0.3875 0.2921875 0.09140625 0.11640625
5 0.5671875 0.340625 0.0859375 0.11015625
0 0.64375 0.3765625 0.08046875 0.09375
5 0.41171875 0.51484375 0.11015625 0.11328125
5 0.69140625 0.34765625 0.09375 0.090625
0 0.4515625 0.6015625 0.1078125 0.0890625
0 0.2375 0.5078125 0.103125 0.0921875
5 0.54609375 0.68203125 0.12109375 0.1046875