0 0.39765625 0.41796875 0.0921875 0.0671875
5 0.56484375 0.490625 0.134375 0.0984375
0 0.55 0.20703125 0.05 0.0421875
0 0.1703125 0.49375 0.040625 0.0390625
5 0.45625 0.6328125 0.14375 0.0671875
5 0.5609375 0.48671875 0.1171875 0.109375
0 0.4796875 0.63359375 0.0953125 0.0734375
0 0.334375 0.371875 0.1046875 0.1109375
5 0.15625 0.434375 0.1015625 0.09375
0 0.43515625 0.6515625 0.08125 0.071875
0 0.1859375 0.32265625 0.1015625 0.0953125
5 0.50703125 0.353125 0.090625 0.1078125
5 0.28046875 0.31796875 0.1046875 0.1078125
0 0.41015625 0.28125 0.103125 0.125
5 0.58359375 0.3484375 0.096875 0.11875
0 0.65625 0.3921875 0.0890625 0.1015625
5 0.4109375 0.50546875 0.121875 0.1234375
5 0.70625 0.36875 0.103125 0.1
0 0.44140625 0.59609375 0.1171875 0.1
0 0.23828125 0.48046875 0.1125 0.103125
5 0.5265625 0.6859375 0.13125 0.1171875