0 0.38828125 0.43046875 0.0875 0.059375
5 0.56328125 0.4828125 0.128125 0.0875
0 0.51328125 0.203125 0.046875 0.0390625
0 0.171875 0.53359375 0.0375 0.0359375
5 0.47265625 0.6375 0.1390625 0.05625
5 0.559375 0.4796875 0.109375 0.1
0 0.49609375 0.63515625 0.090625 0.065625
0 0.3203125 0.39296875 0.0953125 0.1046875
5 0.15078125 0.4765625 0.09375 0.0875
0 0.4546875 0.65859375 0.075 0.065625
0 0.16640625 0.36171875 0.09375 0.0875
5 0.4890625 0.353125 0.0828125 0.1015625
5 0.26015625 0.34609375 0.096875 0.1
0 0.38359375 0.29453125 0.09375 0.11875
5 0.5640625 0.33984375 0.0875 0.1109375
0 0.64140625 0.37421875 0.0828125 0.0953125
5 0.41171875 0.51640625 0.1125 0.115625
5 0.6890625 0.34453125 0.0953125 0.0921875
0 0.453125 0.60234375 0.109375 0.090625
0 0.2375 0.5125 0.1046875 0.09375
5 0.54921875 0.68125 0.1234375 0.10625