5 0.5265625 0.3015625 0.11875 0.11875
5 0.325 0.3546875 0.08984375 0.075
5 0.478125 0.62578125 0.109375 0.13515625
5 0.65078125 0.56015625 0.10078125 0.11953125
5 0.40234375 0.48984375 0.1203125 0.0953125
5 0.4140625 0.34765625 0.08125 0.0984375
5 0.25859375 0.4671875 0.12421875 0.14296875
5 0.25078125 0.69375 0.11015625 0.08515625
5 0.3890625 0.51171875 0.171875 0.134375
5 0.54453125 0.29453125 0.134375 0.1015625
5 0.42890625 0.38125 0.1171875 0.12734375
5 0.56484375 0.48984375 0.11796875 0.1390625
5 0.2265625 0.60078125 0.07109375 0.12421875
5 0.3171875 0.55 0.0703125 0.0703125