5 0.4734375 0.3015625 0.11875 0.11875
5 0.675 0.3546875 0.090625 0.075
5 0.521875 0.62578125 0.109375 0.134375
5 0.34921875 0.56015625 0.1 0.11875
5 0.59765625 0.48984375 0.1203125 0.0953125
5 0.5859375 0.34765625 0.08125 0.0984375
5 0.74140625 0.4671875 0.125 0.14375
5 0.74921875 0.69375 0.109375 0.084375
5 0.6109375 0.51171875 0.171875 0.134375
5 0.45546875 0.29453125 0.134375 0.1015625
5 0.57109375 0.38125 0.1171875 0.128125
5 0.43515625 0.48984375 0.11875 0.1390625
5 0.7734375 0.60078125 0.071875 0.125
5 0.6828125 0.55 0.0703125 0.0703125