5 0.4390625 0.309375 0.1375 0.1375
5 0.646875 0.3265625 0.1015625 0.0890625
5 0.54375 0.6203125 0.13125 0.1515625
5 0.36171875 0.58515625 0.1203125 0.1359375
5 0.59453125 0.47265625 0.134375 0.1140625
5 0.5578125 0.33515625 0.096875 0.1109375
5 0.73203125 0.42578125 0.146875 0.1625
5 0.77890625 0.64765625 0.1234375 0.103125
5 0.6109375 0.4921875 0.1921875 0.1625
5 0.4203125 0.30546875 0.15 0.1234375
5 0.54921875 0.37109375 0.1375 0.1453125
5 0.434375 0.5015625 0.140625 0.1578125
5 0.78671875 0.5515625 0.0921875 0.134375
5 0.6890625 0.5171875 0.08125 0.08125