5 0.47109375 0.60390625 0.0734375 0.0859375
5 0.46796875 0.3609375 0.0765625 0.1125
5 0.35546875 0.2640625 0.1234375 0.1078125
5 0.4484375 0.70859375 0.10625 0.109375
5 0.47109375 0.596875 0.0671875 0.0671875
5 0.390625 0.26171875 0.121875 0.13125
5 0.5375 0.64609375 0.0609375 0.0890625
5 0.56953125 0.72265625 0.0546875 0.078125
5 0.55859375 0.421875 0.053125 0.0796875
5 0.4171875 0.5796875 0.05625 0.065625
5 0.634375 0.6640625 0.0765625 0.0640625
5 0.50078125 0.52578125 0.06875 0.1015625
5 0.684375 0.50703125 0.0515625 0.075
5 0.54453125 0.29921875 0.0546875 0.05
5 0.253125 0.50703125 0.053125 0.071875
5 0.35625 0.7109375 0.059375 0.0734375
5 0.3234375 0.24765625 0.05625 0.0578125
5 0.3703125 0.65078125 0.06875 0.0765625
5 0.36015625 0.3515625 0.0453125 0.0453125