5 0.48984375 0.60703125 0.0859375 0.096875
5 0.44453125 0.36875 0.0953125 0.1234375
5 0.31640625 0.29296875 0.1390625 0.128125
5 0.48515625 0.71484375 0.121875 0.125
5 0.48828125 0.6 0.0765625 0.078125
5 0.35078125 0.284375 0.1421875 0.15
5 0.5625 0.6375 0.0765625 0.0984375
5 0.60703125 0.7078125 0.0671875 0.0859375
5 0.54453125 0.4125 0.065625 0.0859375
5 0.43203125 0.59296875 0.065625 0.0734375
5 0.6609375 0.63828125 0.0859375 0.0765625
5 0.5046875 0.525 0.084375 0.1109375
5 0.6828125 0.475 0.0640625 0.08125
5 0.50859375 0.29453125 0.0609375 0.0578125
5 0.2578125 0.54921875 0.0640625 0.078125
5 0.39453125 0.7328125 0.0703125 0.08125
5 0.2828125 0.28203125 0.065625 0.0671875
5 0.3984375 0.67109375 0.08125 0.0875
5 0.3359375 0.378125 0.0515625 0.053125