5 0.46953125 0.603125 0.071875 0.084375
5 0.4703125 0.36015625 0.075 0.1109375
5 0.359375 0.26171875 0.12109375 0.10625
5 0.44453125 0.7078125 0.10390625 0.10703125
5 0.46953125 0.59609375 0.065625 0.06640625
5 0.39453125 0.26015625 0.11953125 0.1296875
5 0.53515625 0.646875 0.06015625 0.08828125
5 0.565625 0.72421875 0.05390625 0.07734375
5 0.56015625 0.42265625 0.05234375 0.078125
5 0.415625 0.578125 0.0546875 0.06484375
5 0.63125 0.66640625 0.075 0.06328125
5 0.5 0.52578125 0.0671875 0.1
5 0.684375 0.51015625 0.05078125 0.0734375
5 0.54765625 0.3 0.053125 0.04921875
5 0.253125 0.50234375 0.0515625 0.0703125
5 0.35234375 0.70859375 0.0578125 0.071875
5 0.328125 0.24453125 0.05546875 0.05703125
5 0.36796875 0.6484375 0.06796875 0.07578125
5 0.3625 0.34921875 0.04375 0.0453125