2 0.5015625 0.31171875 0.225 0.321875
2 0.26640625 0.29921875 0.1984375 0.29375
2 0.30234375 0.56875 0.2078125 0.3125
2 0.5953125 0.234375 0.1703125 0.2484375
2 0.35390625 0.18828125 0.18125 0.2703125
2 0.45546875 0.61875 0.2109375 0.2890625
2 0.2015625 0.50234375 0.1796875 0.2640625
2 0.8015625 0.509375 0.2109375 0.2859375
2 0.665625 0.59140625 0.20625 0.28125
2 0.7203125 0.36171875 0.171875 0.25
2 0.39609375 0.44375 0.1609375 0.2078125
2 0.62109375 0.42265625 0.165625 0.2015625
2 0.76328125 0.29140625 0.1765625 0.25625
2 0.52421875 0.5578125 0.171875 0.271875