2 0.55390625 0.31953125 0.215625 0.3171875
2 0.33125 0.2421875 0.190625 0.2890625
2 0.290625 0.5109375 0.1984375 0.3078125
2 0.66484375 0.27109375 0.1640625 0.2453125
2 0.4453125 0.16015625 0.1734375 0.2671875
2 0.42421875 0.6015625 0.203125 0.284375
2 0.2125 0.41953125 0.171875 0.2609375
2 0.78671875 0.5921875 0.203125 0.28125
2 0.63359375 0.63359375 0.1984375 0.2765625
2 0.75 0.42734375 0.1640625 0.246875
2 0.415625 0.4171875 0.1546875 0.203125
2 0.63828125 0.459375 0.159375 0.196875
2 0.8109375 0.371875 0.16875 0.2515625
2 0.50703125 0.5625 0.1640625 0.26875