2 0.53125 0.3140625 0.18046875 0.29765625
2 0.30078125 0.26484375 0.15859375 0.271875
2 0.29375 0.53671875 0.1640625 0.28984375
2 0.6359375 0.25234375 0.13671875 0.2296875
2 0.4046875 0.16953125 0.14453125 0.25078125
2 0.4375 0.61015625 0.171875 0.26484375
2 0.2046875 0.45546875 0.14296875 0.2453125
2 0.79609375 0.55625 0.171875 0.2625
2 0.64921875 0.61640625 0.16796875 0.2578125
2 0.7390625 0.39765625 0.13671875 0.23125
2 0.40625 0.428125 0.1328125 0.1890625
2 0.63203125 0.44296875 0.13828125 0.18203125
2 0.79296875 0.33515625 0.14140625 0.23671875
2 0.51484375 0.5609375 0.134375 0.25390625