5 0.5578125 0.315625 0.1265625 0.1296875
5 0.61171875 0.23359375 0.1296875 0.178125
5 0.40234375 0.33671875 0.115625 0.1296875
5 0.45 0.696875 0.10625 0.1265625
5 0.6484375 0.4890625 0.125 0.146875
5 0.6109375 0.72734375 0.1046875 0.1078125
5 0.54609375 0.1671875 0.09375 0.1109375
5 0.35625 0.60390625 0.1234375 0.128125
5 0.25 0.534375 0.171875 0.16875
5 0.315625 0.28984375 0.15625 0.1734375
5 0.5515625 0.671875 0.109375 0.115625
5 0.44921875 0.478125 0.1109375 0.1265625
5 0.21484375 0.7 0.1671875 0.165625
5 0.59609375 0.58984375 0.115625 0.109375