5 0.51171875 0.30703125 0.103125 0.1078125
5 0.54375 0.21484375 0.09375 0.159375
5 0.365625 0.365625 0.0921875 0.1109375
5 0.49921875 0.703125 0.0828125 0.109375
5 0.64140625 0.453125 0.096875 0.1265625
5 0.6625 0.69375 0.084375 0.090625
5 0.4640625 0.165625 0.0734375 0.0953125
5 0.3859375 0.63515625 0.1 0.1078125
5 0.265625 0.59375 0.1421875 0.1390625
5 0.2703125 0.340625 0.125 0.146875
5 0.59140625 0.6546875 0.0890625 0.096875
5 0.4453125 0.49140625 0.0875 0.109375
5 0.271875 0.76328125 0.1375 0.1359375
5 0.61484375 0.5640625 0.096875 0.0890625