5 0.4640625 0.3078125 0.1609375 0.1328125
5 0.49296875 0.78515625 0.1203125 0.1203125
5 0.35625 0.62890625 0.1328125 0.165625
5 0.6203125 0.234375 0.1015625 0.1109375
5 0.46015625 0.44296875 0.1125 0.1234375
5 0.6140625 0.54140625 0.19375 0.3046875
5 0.59609375 0.396875 0.121875 0.1234375
5 0.31171875 0.4984375 0.0890625 0.14375
5 0.33828125 0.38671875 0.1046875 0.1359375
5 0.38359375 0.490625 0.0828125 0.1390625
5 0.59296875 0.74296875 0.0859375 0.096875
5 0.5140625 0.39140625 0.0796875 0.0953125