4 0.5546875 0.26171875 0.05703125 0.05546875
4 0.77265625 0.4265625 0.0390625 0.053125
4 0.7359375 0.3296875 0.03046875 0.03125
5 0.40859375 0.425 0.1046875 0.03984375
4 0.709375 0.54609375 0.06015625 0.09375
4 0.46015625 0.34921875 0.09140625 0.08359375
4 0.62578125 0.6984375 0.09375 0.0625
4 0.3625 0.31171875 0.0671875 0.07109375
4 0.54921875 0.60859375 0.08984375 0.06640625
4 0.4375 0.25859375 0.134375 0.08046875
4 0.78671875 0.57578125 0.06953125 0.0640625
4 0.63359375 0.4703125 0.0546875 0.06328125
4 0.54140625 0.6828125 0.0828125 0.0546875
4 0.4984375 0.55703125 0.03671875 0.059375
4 0.6890625 0.328125 0.05625 0.12109375
4 0.64765625 0.3765625 0.07265625 0.125
4 0.4921875 0.49453125 0.046875 0.04921875
4 0.3078125 0.478125 0.0609375 0.046875