4 0.53828125 0.25859375 0.0609375 0.059375
4 0.7671875 0.4078125 0.0421875 0.05625
4 0.7234375 0.31328125 0.0328125 0.0328125
5 0.40390625 0.43125 0.1078125 0.046875
4 0.71171875 0.53125 0.0671875 0.0984375
4 0.45 0.35234375 0.096875 0.0890625
4 0.6390625 0.6890625 0.0984375 0.06875
4 0.35 0.321875 0.071875 0.075
4 0.55703125 0.6046875 0.09375 0.071875
4 0.42109375 0.26328125 0.1390625 0.0890625
4 0.79140625 0.55546875 0.0734375 0.06875
4 0.63125 0.4609375 0.059375 0.0671875
4 0.55390625 0.6796875 0.0859375 0.0609375
4 0.50234375 0.55703125 0.040625 0.0625
4 0.6765625 0.315625 0.0640625 0.125
4 0.6390625 0.36640625 0.08125 0.1296875
4 0.4921875 0.4953125 0.05 0.053125
4 0.30703125 0.49140625 0.0640625 0.0515625