4 0.575 0.2671875 0.0609375 0.0609375
4 0.778125 0.45078125 0.04375 0.05625
4 0.75 0.35078125 0.0328125 0.034375
5 0.415625 0.4171875 0.1078125 0.0484375
4 0.7046875 0.5640625 0.06875 0.0984375
4 0.4734375 0.34609375 0.0984375 0.090625
4 0.6078125 0.70859375 0.0984375 0.0703125
4 0.3796875 0.30078125 0.0734375 0.0765625
4 0.53984375 0.6125 0.0953125 0.0734375
4 0.45859375 0.25390625 0.140625 0.0921875
4 0.77890625 0.60078125 0.075 0.0703125
4 0.6359375 0.48203125 0.059375 0.0671875
4 0.525 0.6859375 0.0875 0.0609375
4 0.49375 0.55703125 0.0421875 0.0625
4 0.703125 0.3453125 0.0671875 0.125
4 0.6578125 0.38984375 0.0828125 0.13125
4 0.49296875 0.49375 0.0515625 0.053125
4 0.31015625 0.46171875 0.0640625 0.0515625